255	170	150	1781	531	24	26	FULL	2	780195
272	250	125	0	250	24	28	ALL_EDGES	2	485858
241	153	258	9	282	0	0	FULL	5	609320
203	147	150	675	250	30	31	FULL	2	63190
341	281	88	0	250	32	30	FULL	5	512258
309	316	123	12	1589	0	0	FULL	2	836193
257	181	97	1467	520	26	26	FULL	2	304106
468	318	70	10	430	0	0	ALL_EDGES	2	436089
264	151	113	4	416	14	18	FULL	2	544902
314	236	115	1725	346	28	29	FULL	2	710500
247	214	142	0	424	0	0	FULL	1	308861
293	216	118	7	1103	0	0	ALL_EDGES	1	52933
456	260	97	3001	768	0	0	FULL	2	663679
364	255	113	4641	1382	30	31	ALL_EDGES	1	510583
278	237	129	8	365	0	0	FULL	2	394434
342	234	132	1302	250	12	14	ALL_EDGES	1	442865
272	147	301	1548	250	0	0	FULL	4	896879
287	159	165	7	613	12	14	FULL	2	99219
160	108	437	7	734	0	0	FULL	2	484482
279	209	163	9	313	0	0	FULL	3	153142
219	161	156	5	250	6	10	FULL	1	345533
268	183	235	3450	363	0	0	FULL	1	303901
230	189	196	8	250	6	2	FULL	2	459461
353	190	112	7	511	20	25	FULL	1	71354
284	211	174	1501	706	14	17	FULL	1	883750
292	157	142	6	426	21	23	FULL	3	217719
296	219	147	446	431	14	14	FULL	3	766022
266	247	175	11	250	8	9	FULL	6	451658
273	211	148	1623	1077	12	7	FULL	2	787039
288	142	183	7	567	14	18	FULL	4	860515
336	188	150	2137	673	0	0	FULL	1	748441
348	211	143	2656	349	0	0	FULL	2	174153
316	256	142	23	905	0	0	FULL	2	701948
281	218	139	850	718	2	0	FULL	1	848004
320	201	148	9	466	0	0	FULL	4	274494
301	195	195	2461	250	5	9	ALL_EDGES	1	716912
262	93	144	3	468	0	0	FULL	1	626139
326	227	156	11	476	0	0	FULL	2	423587
492	144	119	0	835	0	0	ALL_EDGES	2	90716
301	316	79	7	379	11	17	FULL	1	245778
196	148	155	4	630	18	18	FULL	1	629169
283	209	143	0	665	0	0	FULL	3	458893
247	205	128	0	719	0	0	FULL	2	822443
219	149	137	769	397	34	37	FULL	3	411892
308	259	144	0	424	0	0	FULL	1	221541
335	211	163	11	250	0	0	FULL	2	866887
357	214	150	11	437	26	23	FULL	1	45522
313	190	176	2908	1236	0	0	FULL	1	906969
335	238	144	11	542	4	7	FULL	1	194035
272	229	120	0	833	28	35	FULL	1	882777
291	262	125	9	418	0	0	FULL	2	73104
160	127	220	4	427	15	15	FULL	1	734448
283	137	168	6	935	20	27	FULL	4	35615
362	223	142	11	250	22	20	FULL	3	59367
245	205	208	0	250	13	10	FULL	4	50798
261	183	178	17	684	0	0	FULL	3	971122
236	225	104	5	423	11	5	ALL_EDGES	3	427078
391	215	125	0	399	24	25	FULL	2	816843
362	316	100	0	674	26	28	FULL	1	116526
252	180	144	6	995	16	14	FULL	2	255442
287	233	172	2863	792	0	0	FULL	1	566926
238	211	169	8	539	0	0	ALL_EDGES	1	307540
359	222	107	17	427	0	0	FULL	1	554888
286	238	177	0	505	0	0	FULL	1	277508
289	258	155	11	250	0	0	FULL	3	574610
244	205	131	0	461	20	22	FULL	2	265998
284	180	225	11	250	0	0	ALL_EDGES	3	758726
335	157	199	10	673	0	0	FULL	1	254900
322	202	131	2235	680	0	0	ALL_EDGES	2	884447
330	200	159	10	646	0	0	ALL_EDGES	1	816540
301	229	152	0	250	0	0	FULL	7	880582
286	201	182	4735	2000	0	0	FULL	1	699732
278	221	172	0	641	19	14	FULL	1	581033
324	122	266	2184	371	14	12	ALL_EDGES	1	337983
303	271	104	8	685	0	0	FULL	3	793385
263	183	135	6	322	0	0	FULL	1	383397
289	235	170	11	725	0	0	FULL	1	229931
319	228	158	2932	816	0	0	ALL_EDGES	2	825755
268	202	138	15	1083	8	12	FULL	4	721426
295	203	158	9	351	0	0	FULL	1	422642
213	149	143	4	688	30	33	FULL	1	147872
319	242	136	21	1251	0	0	FULL	1	476736
362	146	179	9	465	0	0	CORNERS	3	807498
184	145	168	373	485	0	0	FULL	1	604382
281	198	153	442	250	0	0	ALL_EDGES	3	177700
359	251	83	1710	1287	21	20	FULL	3	179037
308	214	114	1372	443	27	24	FULL	2	647383
302	195	195	0	625	12	11	FULL	1	774842
276	210	199	11	250	7	7	FULL	1	217381
270	172	97	4	413	29	37	FULL	6	902517
334	141	96	4	466	18	15	FULL	1	4992
325	211	109	1612	1329	0	0	FULL	3	921482
234	138	139	2533	854	0	0	FULL	1	799007
289	221	180	11	381	0	0	FULL	3	337995
318	224	119	8	444	8	13	FULL	4	219373
283	179	168	2006	825	20	22	FULL	6	156035
252	238	108	1384	811	8	5	FULL	2	453513
250	166	182	0	393	41	42	FULL	5	644486
310	282	108	874	385	0	0	FULL	2	541074
324	219	148	0	250	17	24	FULL	1	100778
314	264	90	0	750	21	22	FULL	4	228922
303	227	174	3264	919	24	28	FULL	1	405988
279	227	87	0	491	0	0	ALL_EDGES	1	121798
360	285	117	12	896	40	41	FULL	2	441546
218	166	292	10	697	0	0	FULL	2	727254
211	168	270	1786	819	0	0	FULL	2	612008
371	279	111	23	1779	5	3	FULL	4	557260
299	300	94	8	250	0	0	FULL	3	305926
300	238	91	0	913	0	0	FULL	1	690644
252	212	84	4	833	0	0	FULL	2	798226
253	165	226	0	250	20	25	CORNERS	1	470994
318	137	218	0	872	0	0	FULL	7	126879
230	134	114	3	320	15	11	FULL	5	921515
352	265	123	3335	250	0	0	FULL	1	145846
245	213	124	6	250	0	0	FULL	1	462758
343	159	192	10	586	31	27	FULL	1	769544
315	193	139	8	250	0	0	FULL	1	848251
298	146	173	2355	1328	0	0	FULL	1	521678
381	236	128	11	522	0	0	FULL	2	950603
238	129	179	1017	274	44	47	FULL	2	174209
259	163	177	7	250	35	35	FULL	2	378396
261	227	109	6	801	0	0	FULL	1	757102
335	265	107	2935	868	0	0	FULL	1	745045
389	206	93	2872	250	0	0	FULL	4	103119
326	219	148	1081	388	16	16	FULL	4	712947
254	199	167	926	819	0	0	FULL	2	291956
258	201	222	2127	664	25	29	FULL	4	114379
308	248	111	8	252	0	0	FULL	5	122428
293	145	223	0	990	0	0	FULL	3	457290
298	203	157	1738	494	0	0	FULL	1	109356
278	197	210	11	631	28	33	FULL	1	546995
249	180	256	23	401	0	0	FULL	2	385574
223	166	121	1660	1496	0	0	FULL	2	317998
278	202	134	7	1290	0	0	FULL	2	546995
199	129	174	0	572	8	5	FULL	5	498811
201	135	167	4	769	10	11	FULL	3	327645
287	143	85	0	250	0	0	FULL	1	547851
428	363	74	11	647	28	29	FULL	2	53541
274	196	159	1275	250	0	0	FULL	2	829026
271	196	123	6	451	0	0	FULL	3	506465
357	254	105	1463	464	20	22	FULL	1	272803
273	162	239	10	731	0	0	FULL	1	887728
368	254	102	9	341	0	0	FULL	6	530469
273	202	154	17	250	20	25	ALL_EDGES	2	407309
246	193	137	0	649	15	19	FULL	1	128801
329	214	135	9	250	21	20	FULL	3	712712
310	220	66	0	775	0	0	ALL_EDGES	2	86939
370	269	95	2033	546	34	32	FULL	4	980453
221	127	160	630	386	21	21	FULL	2	545258
205	189	220	1156	1003	0	0	FULL	1	736990
297	230	140	0	884	5	2	FULL	6	119979
359	262	111	10	325	0	0	FULL	3	219663
235	131	372	11	545	15	14	ALL_EDGES	2	328810
291	176	225	23	564	0	0	FULL	1	854983
237	182	174	7	338	5	8	FULL	3	235844
279	212	144	1020	544	0	0	FULL	2	512782
298	268	143	1345	1001	0	0	FULL	3	207445
238	143	133	4	250	0	0	FULL	1	918052
279	141	216	8	250	0	0	FULL	1	523620
386	292	102	4623	826	0	0	FULL	2	248148
404	256	92	0	712	24	30	FULL	2	535924
245	138	133	9	597	0	0	FULL	3	306420
317	183	164	0	1604	18	17	FULL	2	999858
223	166	176	0	1310	19	16	FULL	2	947579
302	249	153	1288	430	0	0	FULL	1	770114
292	148	196	1326	730	40	45	FULL	2	691282
202	140	159	4	505	0	0	FULL	4	727225
276	173	94	4	648	0	0	FULL	3	965038
253	151	299	11	557	18	17	FULL	2	357012
196	124	352	8	523	15	13	FULL	2	897691
410	275	102	23	467	0	0	ALL_EDGES	1	660721
250	150	120	4	540	0	0	FULL	1	722022
360	232	114	1615	647	0	0	FULL	5	457168
253	177	189	0	860	10	9	FULL	2	567168
273	140	195	7	832	36	38	FULL	3	131592
299	229	124	4114	1110	25	30	FULL	1	739844
286	181	203	2278	340	0	0	FULL	2	455295
382	174	173	2530	397	0	0	ALL_EDGES	1	400645
238	173	206	8	517	5	9	FULL	3	622001
283	223	103	962	437	15	15	FULL	2	400212
346	225	147	1380	749	0	0	FULL	2	93788
369	264	87	8	250	0	0	CORNERS	2	386400
260	206	159	0	332	17	19	FULL	1	860452
250	167	227	969	307	0	0	FULL	1	847596
202	104	261	0	755	11	12	FULL	2	225252
348	251	120	1344	499	0	0	FULL	1	408204
250	210	200	10	528	0	0	ALL_EDGES	6	918467
204	187	223	629	835	0	0	FULL	1	23905
316	188	177	2730	1317	34	37	FULL	6	338546
253	159	112	0	447	40	43	ALL_EDGES	1	181035
292	208	140	8	347	0	0	FULL	1	787764
300	148	102	1507	250	17	19	FULL	3	287753
246	207	167	8	480	16	20	FULL	2	226004
285	222	166	10	789	32	32	FULL	12	50989
341	171	128	7	787	9	12	ALL_EDGES	2	795299
322	246	107	8	592	15	20	FULL	1	902320
320	197	150	9	395	23	23	FULL	2	90216
297	208	187	23	250	0	0	FULL	4	160289
314	235	115	8	1259	29	26	FULL	1	560135
245	126	371	23	361	11	7	FULL	1	596791
389	202	146	2553	586	0	0	ALL_EDGES	3	749966
303	273	102	1130	256	28	29	FULL	3	357747
287	210	108	2502	839	9	11	FULL	1	565785
243	189	184	8	395	0	0	FULL	2	906566
321	196	119	7	276	0	0	FULL	4	966141
405	196	133	21	388	33	31	FULL	2	466295
241	195	181	0	250	0	0	FULL	2	945756
433	207	128	11	495	19	21	ALL_EDGES	1	115220
308	213	130	0	590	22	22	ALL_EDGES	1	154591
281	185	163	0	476	11	14	FULL	1	944405
271	164	190	1377	1231	0	0	FULL	2	237
260	194	90	4	250	0	0	FULL	1	779044
291	182	142	7	282	24	29	FULL	2	921870
295	218	132	8	462	22	19	FULL	3	223302
318	246	109	2218	387	0	0	FULL	6	547332
265	152	210	8	692	0	0	FULL	2	301261
364	263	120	11	250	0	0	FULL	2	607202
209	124	174	4	679	0	0	FULL	6	718580
371	254	127	0	1324	32	36	ALL_EDGES	3	449814
371	214	132	21	821	9	9	FULL	7	986661
329	252	139	195	415	0	0	FULL	2	974516
404	317	82	10	494	0	0	FULL	2	716237
288	212	172	10	667	0	0	FULL	1	547002
269	216	180	1900	250	0	0	FULL	1	173816
300	209	167	21	250	0	0	FULL	1	719394
266	178	159	2505	1368	16	18	FULL	1	606055
282	199	204	11	302	0	0	FULL	1	13834
195	142	200	577	820	0	0	FULL	3	344680
367	319	98	4174	250	28	30	FULL	1	317214
330	247	80	6	606	17	13	FULL	2	580271
257	237	173	10	1168	22	25	FULL	1	982409
289	164	180	2609	607	0	0	FULL	1	683091
292	277	105	8	250	0	0	FULL	3	496488
309	150	162	7	552	30	31	FULL	2	880275
257	195	168	586	1012	0	0	FULL	1	689676
291	226	114	2242	981	7	10	FULL	2	603934
272	159	243	1459	730	0	0	FULL	2	893201
287	221	118	1380	250	13	13	FULL	2	132859
256	207	142	2205	765	0	0	FULL	4	581921
308	220	141	1282	250	0	0	FULL	2	613718
277	209	147	926	820	27	27	FULL	1	980651
236	199	138	1534	403	0	0	FULL	3	791577
232	160	284	21	359	0	0	FULL	1	693418
276	162	211	0	250	0	0	FULL	3	359473
355	233	139	931	1317	0	0	FULL	2	924751
297	286	100	17	334	16	26	ALL_EDGES	2	969191
349	211	61	9	861	7	4	FULL	5	156776
429	289	93	1173	577	0	0	FULL	2	219101
363	224	141	11	435	33	27	FULL	1	250040
215	143	114	346	513	0	0	FULL	4	425834
293	194	168	9	454	0	0	FULL	2	267790
390	275	98	0	653	0	0	FULL	1	553448
233	204	180	8	372	0	0	FULL	3	933683
338	202	109	2550	260	0	0	FULL	4	763520
275	243	128	0	414	0	0	FULL	1	607006
285	196	189	10	634	26	20	FULL	6	522840
230	178	110	0	508	0	0	FULL	2	905964
232	148	102	3	478	0	0	FULL	3	174527
270	213	200	23	426	29	34	FULL	4	488901
288	209	174	0	496	12	11	FULL	3	676287
266	153	159	708	458	0	0	ALL_EDGES	2	710611
227	122	308	459	279	29	35	ALL_EDGES	1	839396
238	205	93	765	498	33	39	FULL	6	141151
183	115	214	4	308	0	0	ALL_EDGES	3	525812
183	121	204	0	444	34	38	FULL	2	870291
288	163	159	1200	501	0	0	FULL	1	188550
322	192	137	8	385	3	4	FULL	3	464831
244	191	162	15	1376	30	29	FULL	1	557598
242	137	106	238	848	0	0	FULL	2	716917
292	203	195	23	320	34	42	FULL	1	105982
329	223	157	23	520	23	24	FULL	2	908255
357	197	135	9	640	0	0	ALL_EDGES	1	851808
302	184	153	0	1726	12	13	FULL	4	663403
339	189	163	0	566	15	17	ALL_EDGES	3	988102
288	241	166	0	259	40	40	FULL	1	116559
301	237	147	21	742	22	23	FULL	2	224926
406	214	133	11	250	0	0	FULL	1	699891
196	138	311	17	250	17	17	FULL	1	160010
391	248	124	12	250	0	0	ALL_EDGES	1	788925
237	209	172	0	328	0	0	FULL	1	830523
351	146	204	955	562	39	32	FULL	3	765781
212	165	214	7	605	19	21	FULL	2	18537
345	183	166	21	338	0	0	FULL	2	779697
239	170	184	7	1372	11	13	FULL	2	221361
284	220	119	7	317	0	0	FULL	1	987681
294	197	94	5	683	0	0	FULL	3	942986
296	185	174	0	250	14	18	FULL	3	920504
284	196	117	513	250	0	0	FULL	1	878501
363	275	116	11	1058	27	30	FULL	1	423501
245	136	135	9	250	0	0	FULL	3	388494
336	214	146	0	575	10	8	FULL	1	501452
372	199	115	1487	513	0	0	FULL	4	975957
258	122	301	9	649	0	0	FULL	4	666962
279	187	163	8	262	22	25	FULL	2	870827
426	309	80	10	621	0	0	FULL	1	876451
304	227	166	2035	295	0	0	FULL	3	25871
314	233	117	8	592	0	0	FULL	1	840887
219	157	305	21	633	0	0	FULL	2	892176
285	200	150	1589	514	0	0	FULL	3	194954
321	232	127	1558	257	0	0	FULL	4	170693
308	214	130	8	951	0	0	FULL	2	497837
276	201	190	0	583	0	0	FULL	2	355543
308	183	212	2820	250	0	0	ALL_EDGES	2	569294
232	102	191	0	1299	0	0	FULL	4	128602
242	182	262	11	668	0	0	FULL	1	339140
323	221	134	0	390	13	15	FULL	1	703411
336	228	111	0	789	0	0	FULL	4	772238
321	192	187	1426	867	0	0	FULL	3	151188
448	304	77	3045	601	0	0	ALL_EDGES	2	674240
248	186	183	0	351	0	0	FULL	4	392755
307	240	156	0	664	0	0	FULL	2	990707
340	200	176	12	657	0	0	FULL	1	696717
366	253	124	2415	562	0	0	FULL	2	71688
363	302	96	1900	387	16	11	FULL	3	416441
275	169	248	3174	361	0	0	FULL	2	330690
285	189	196	1239	526	0	0	ALL_EDGES	2	766698
355	275	66	13	250	0	0	FULL	2	404611
248	192	220	0	752	0	0	FULL	2	434394
303	206	136	8	250	0	0	FULL	2	824350
304	213	178	11	363	0	0	FULL	8	773439
297	257	150	11	961	29	31	FULL	1	188334
324	164	160	1147	448	22	28	FULL	2	163201
380	275	115	984	1422	0	0	FULL	1	853764
294	241	120	8	659	0	0	FULL	3	71383
324	226	157	0	653	0	0	FULL	1	446676
404	259	91	874	352	18	20	FULL	1	253531
208	159	196	0	603	20	23	FULL	1	826211
289	190	173	9	346	0	0	FULL	1	436680
384	342	88	11	308	0	0	FULL	3	796327
244	172	203	8	564	11	10	FULL	1	638139
274	222	156	0	397	0	0	FULL	3	596764
319	241	98	7	1091	20	18	FULL	1	302227
352	241	124	10	250	0	0	FULL	3	51404
298	134	138	583	250	0	0	ALL_EDGES	8	47296
398	276	78	552	250	0	0	FULL	2	303692
336	215	90	1488	799	0	0	FULL	2	352470
317	224	105	2032	277	21	21	FULL	7	310221
253	196	171	8	683	12	16	ALL_EDGES	1	114568
295	214	119	570	439	9	9	FULL	1	825524
302	212	132	8	1193	0	0	FULL	4	524564
293	198	164	0	250	1	1	FULL	1	294012
244	204	230	609	1075	19	16	FULL	1	223007
345	285	76	0	786	0	0	FULL	1	994599
335	202	177	0	461	0	0	FULL	1	31415
209	168	156	5	643	16	14	ALL_EDGES	2	785824
336	218	103	0	250	0	0	FULL	3	101163
265	204	193	10	469	0	0	FULL	1	281521
265	176	161	600	428	33	28	FULL	1	306976
284	171	176	8	549	37	35	FULL	1	802917
246	125	213	0	250	0	0	ALL_EDGES	4	766877
211	188	190	2145	759	22	19	FULL	1	935368
212	146	146	504	899	0	0	FULL	3	22712
304	254	110	8	577	28	32	FULL	2	878527
279	147	232	9	325	0	0	FULL	1	636576
350	231	142	0	408	0	0	FULL	1	525346
211	165	101	605	336	24	24	FULL	1	299622
298	198	127	7	824	0	0	ALL_EDGES	1	677621
293	175	146	7	340	0	0	FULL	3	743348
249	165	110	4	250	0	0	FULL	2	480351
320	222	106	412	996	0	0	ALL_EDGES	8	409208
328	281	92	0	943	0	0	FULL	1	526719
244	209	148	1987	638	0	0	FULL	2	631596
271	203	136	15	250	25	26	FULL	1	687613
229	188	152	6	554	23	27	ALL_EDGES	2	23523
276	170	160	0	1162	0	0	FULL	2	706183
230	190	148	0	868	14	15	ALL_EDGES	1	269233
313	241	126	9	715	48	52	FULL	1	67098
228	131	318	9	250	12	10	FULL	2	104399
371	263	87	17	250	16	16	FULL	2	924009
234	151	127	819	250	0	0	FULL	1	443023
327	256	90	7	250	0	0	FULL	4	841667
270	189	128	13	460	0	0	FULL	4	701308
328	190	184	2829	455	31	36	FULL	1	305016
327	175	149	943	447	0	0	FULL	1	926744
329	219	160	2104	250	12	14	FULL	1	585418
275	202	208	11	1196	0	0	FULL	4	273416
251	213	158	0	480	0	0	FULL	2	618097
267	158	248	10	601	15	11	FULL	4	221443
298	163	113	1210	250	0	0	ALL_EDGES	4	647087
252	231	206	2664	701	34	37	FULL	2	57074
257	188	156	7	272	20	21	FULL	2	368615
242	191	249	4025	600	11	12	FULL	2	70423
275	147	161	0	398	0	0	FULL	2	176213
377	274	111	11	419	0	0	FULL	3	692646
281	211	160	9	415	16	18	FULL	1	646424
316	226	160	1138	250	18	18	FULL	4	705333
214	147	143	0	539	0	0	FULL	3	866951
232	143	137	4	1069	0	0	FULL	1	70671
442	269	97	11	794	0	0	ALL_EDGES	3	813448
336	183	171	0	585	0	0	FULL	3	647850
239	162	115	4	706	23	22	FULL	6	645024
231	198	186	3621	442	0	0	FULL	2	222588
286	230	129	1317	250	19	24	FULL	1	60444
273	162	102	9	582	0	0	ALL_EDGES	2	330272
227	176	264	10	510	0	0	FULL	1	163933
274	203	154	17	1026	21	22	FULL	7	231197
279	224	185	11	1312	0	0	FULL	5	958431
223	130	155	513	871	24	23	FULL	1	314886
285	204	129	15	450	32	36	FULL	1	970712
198	204	112	4	250	0	0	FULL	1	766755
276	106	153	0	348	10	13	FULL	1	558759
240	156	146	5	486	23	27	ALL_EDGES	2	553907
342	198	178	1092	250	26	34	FULL	1	806919
329	216	147	0	770	0	0	FULL	3	955931
305	199	124	2205	1042	0	0	FULL	1	679900
308	206	165	10	530	0	0	FULL	3	203631
394	194	151	11	310	0	0	FULL	2	337522
323	201	185	924	542	10	11	FULL	4	742381
383	286	105	11	1315	0	0	FULL	1	344978
298	229	169	23	542	8	4	FULL	3	853625
195	158	146	873	250	0	0	FULL	2	533417
244	196	135	0	339	0	0	FULL	1	130820
361	233	101	8	250	8	13	FULL	4	940532
325	166	139	0	924	0	0	FULL	1	640425
289	238	109	7	1571	2	1	FULL	1	855619
423	306	92	24	538	0	0	FULL	2	511259
217	174	146	561	250	14	11	FULL	1	283126
313	266	78	6	250	0	0	FULL	1	344928
430	184	120	446	719	0	0	FULL	1	311432
321	277	135	4032	500	40	44	ALL_EDGES	2	296268
258	221	132	7	559	0	0	FULL	1	130418
394	251	96	0	543	0	0	FULL	3	410812
287	258	155	690	375	0	0	FULL	1	725854
256	155	265	1365	496	18	17	FULL	1	496380
316	188	194	1552	669	6	8	FULL	2	849481
324	208	82	528	406	0	0	CORNERS	6	608216
315	205	132	8	582	0	0	FULL	2	993161
323	178	166	9	386	12	12	ALL_EDGES	6	324805
162	139	155	7	367	0	0	FULL	2	95153
299	154	162	7	739	0	0	FULL	1	474410
305	232	162	3151	498	0	0	FULL	2	225885
216	188	111	4	250	0	0	FULL	1	854360
318	251	144	0	465	7	7	FULL	4	247013
319	193	170	10	480	11	14	FULL	2	200639
276	178	91	0	740	26	25	FULL	2	89988
215	115	224	5	343	21	23	FULL	2	654419
255	151	142	308	250	12	15	FULL	2	760598
234	189	191	17	910	0	0	FULL	10	451950
341	228	148	1920	250	0	0	ALL_EDGES	2	389323
241	196	243	0	250	0	0	FULL	1	442938
281	210	194	11	812	5	3	ALL_EDGES	1	718678
249	179	146	6	616	0	0	FULL	1	153272
294	273	106	2040	495	21	23	FULL	2	61670
245	184	122	528	534	0	0	FULL	1	980127
306	208	71	4	729	0	0	FULL	1	542959
282	225	166	1690	445	0	0	FULL	1	95842
388	302	132	15	441	27	28	FULL	1	212202
382	264	153	15	753	0	0	FULL	2	167365
300	191	342	39	860	0	0	FULL	2	499244
368	207	230	4200	250	0	0	FULL	2	843897
461	338	93	0	342	35	37	FULL	1	703121
464	332	100	15	519	0	0	FULL	2	975551
346	297	160	0	264	0	0	FULL	3	772589
314	289	160	2450	745	16	15	FULL	1	72282
348	266	135	12	770	0	0	FULL	1	912770
288	220	213	0	601	0	0	FULL	2	232205
365	272	156	15	676	28	23	FULL	1	45841
332	216	257	4255	353	5	6	FULL	1	765558
332	278	135	0	1663	5	9	FULL	3	569006
430	272	132	2991	250	6	6	FULL	3	124594
246	167	377	3673	959	47	43	FULL	1	277610
267	186	311	0	905	6	3	FULL	1	901751
341	184	246	15	401	23	21	FULL	1	731356
409	262	164	17	1056	30	34	FULL	1	927031
271	180	256	12	928	6	9	FULL	1	88733
416	332	112	0	356	0	0	FULL	1	223372
514	339	115	7800	589	21	27	CORNERS	1	879440
344	246	195	2953	434	0	0	FULL	2	526645
329	225	169	12	299	30	27	FULL	3	206711
521	235	143	0	897	12	14	FULL	1	364686
365	229	197	2013	250	12	16	FULL	3	29767
269	222	260	3596	529	0	0	ALL_EDGES	3	422689
341	284	200	39	250	23	24	FULL	2	112139
291	252	171	0	320	8	11	FULL	1	980076
374	258	130	12	509	0	0	FULL	2	625657
389	284	123	486	596	0	0	FULL	2	26537
380	225	182	0	456	0	0	FULL	20	970207
338	235	157	0	515	0	0	FULL	3	292043
272	217	244	14	1217	0	0	FULL	2	12039
347	200	279	19	250	0	0	FULL	2	929164
459	277	146	18	526	0	0	FULL	2	431996
482	280	115	0	528	29	29	FULL	1	269377
341	258	176	15	250	0	0	FULL	3	973302
457	222	153	31	250	0	0	FULL	3	942251
502	291	107	15	343	0	0	ALL_EDGES	1	531707
322	227	267	19	1058	0	0	FULL	2	230638
475	252	130	15	387	21	23	FULL	3	642629
288	233	186	0	362	0	0	FULL	2	587303
328	269	165	29	592	0	0	FULL	1	149856
374	149	225	25	250	19	26	FULL	1	768190
318	226	215	3534	1151	27	32	FULL	1	353547
366	279	191	39	250	9	10	FULL	3	645619
591	390	67	15	335	17	16	FULL	3	62923
328	201	234	2216	442	0	0	FULL	3	522113
299	233	209	3291	648	0	0	FULL	2	999207
333	197	237	31	1225	0	0	FULL	1	743313
457	318	127	5272	733	0	0	FULL	2	213753
333	282	155	14	511	18	28	FULL	3	893742
396	301	138	0	250	0	0	ALL_EDGES	2	945708
358	206	184	13	250	27	25	FULL	3	574489
270	249	246	2772	250	0	0	FULL	1	85336
362	275	195	19	923	0	0	FULL	1	288993
296	257	177	13	807	0	0	FULL	5	451020
501	209	138	29	882	0	0	FULL	3	995159
294	239	206	14	465	19	10	FULL	1	77175
329	238	223	17	821	25	28	FULL	1	827009
381	271	151	15	350	0	0	CORNERS	2	916673
389	253	127	0	706	0	0	FULL	2	214823
411	247	153	15	614	0	0	FULL	2	515875
349	261	170	15	698	9	14	FULL	2	635520
323	207	231	15	620	20	24	FULL	2	892907
383	269	151	1627	520	17	14	FULL	2	748140
430	325	139	19	250	35	38	FULL	4	443086
425	309	141	0	490	0	0	ALL_EDGES	1	776599
371	227	232	19	250	0	0	FULL	1	821755
400	188	247	2793	441	12	13	FULL	2	458746
351	213	193	14	1048	0	0	FULL	7	857014
336	257	180	15	250	0	0	FULL	1	703016
431	323	140	19	675	22	27	FULL	1	298090
279	220	204	12	1699	7	15	FULL	1	225161
310	240	182	13	767	0	0	FULL	1	848865
311	203	198	2925	250	0	0	ALL_EDGES	5	39894
433	331	122	4182	542	0	0	FULL	4	87375
505	254	144	37	703	0	0	FULL	5	109639
354	306	125	13	510	0	0	FULL	2	483043
277	185	243	2525	842	0	0	FULL	2	280116
473	261	134	0	646	20	27	FULL	2	975893
294	272	169	13	559	14	16	FULL	2	824726
370	227	172	29	417	0	0	FULL	3	929326
378	262	136	2659	418	27	24	FULL	1	884616
404	255	151	1472	408	0	0	FULL	2	567887
314	161	266	13	390	0	0	FULL	3	433011
429	233	186	0	250	0	0	FULL	1	935243
307	232	231	33	822	0	0	FULL	1	770122
378	246	134	12	448	0	0	FULL	3	405047
356	262	166	15	453	12	14	FULL	2	641493
313	280	142	3125	401	0	0	FULL	3	162689
455	233	146	31	458	0	0	FULL	1	640560
498	225	178	3080	429	0	0	FULL	2	482901
360	282	182	0	954	35	37	ALL_EDGES	3	78235
410	244	155	2557	300	30	29	FULL	2	317182
282	219	236	0	499	0	0	FULL	1	528011
426	254	143	1007	655	25	31	ALL_EDGES	1	147159
277	226	297	18	250	7	5	FULL	2	192395
399	223	174	15	250	0	0	FULL	1	741879
429	310	139	18	288	0	0	FULL	3	414795
283	197	331	2867	494	28	25	FULL	1	151506
311	201	233	14	1002	0	0	FULL	4	924775
315	217	242	0	250	0	0	FULL	1	563242
302	239	214	15	344	0	0	FULL	1	642677
302	180	268	2073	486	0	0	FULL	1	305723
307	178	245	0	602	0	0	FULL	1	611182
556	283	80	4437	659	0	0	FULL	1	954704
395	274	180	39	310	23	19	FULL	2	48389
282	212	277	3069	250	10	10	FULL	4	123982
341	260	164	29	898	14	13	FULL	1	277831
320	252	192	4448	250	0	0	FULL	1	12038
364	190	210	14	314	0	0	FULL	4	765981
371	240	218	19	250	1	3	FULL	4	183766
333	335	148	16	360	0	0	FULL	3	977725
387	219	236	20	907	22	21	FULL	1	730981
391	208	215	1942	498	0	0	FULL	2	872913
340	244	162	1390	788	0	0	FULL	2	718828
301	192	233	1660	777	0	0	FULL	1	631593
477	185	165	2711	305	0	0	FULL	1	166934
395	261	189	19	490	0	0	FULL	1	678873
412	233	162	31	327	18	25	ALL_EDGES	3	263165
348	203	206	14	1371	0	0	FULL	2	358582
360	222	181	2204	501	10	15	FULL	1	818410
315	200	198	3012	437	0	0	FULL	1	690722
370	256	153	29	1361	16	18	FULL	3	515137
289	237	255	0	339	0	0	FULL	1	561330
341	199	185	12	250	26	24	FULL	2	96783
454	317	115	33	250	0	0	FULL	1	236258
338	270	218	40	250	5	10	FULL	2	649227
426	291	125	15	843	31	30	FULL	1	146354
325	234	257	526	556	0	0	FULL	2	342290
386	234	215	19	663	16	11	FULL	1	124020
393	214	184	31	582	0	0	FULL	3	86262
468	237	180	20	454	0	0	FULL	1	928478
240	195	289	13	250	0	0	FULL	1	497311
294	226	232	0	325	0	0	FULL	1	280549
454	323	85	12	817	0	0	FULL	2	198807
403	274	113	25	1409	0	0	FULL	1	661338
349	324	146	16	710	14	18	FULL	3	830037
328	219	216	0	1053	0	0	FULL	1	833629
345	253	201	17	421	0	0	FULL	11	613708
367	277	143	406	250	10	10	FULL	1	241282
317	188	226	13	617	0	0	ALL_EDGES	1	474206
354	214	218	16	381	25	27	FULL	1	742501
363	285	149	15	250	0	0	FULL	3	957831
408	257	177	37	250	0	0	FULL	1	169344
293	177	261	3739	786	23	20	ALL_EDGES	2	24347
375	232	229	20	934	0	0	FULL	7	281052
353	344	119	2175	283	0	0	FULL	2	709522
370	236	200	1890	287	12	12	FULL	2	625866
350	222	186	14	825	27	26	FULL	2	509528
302	185	222	12	543	0	0	FULL	2	768207
299	226	215	14	517	13	15	FULL	2	999836
475	179	171	14	510	0	0	FULL	1	948196
414	240	126	2650	734	0	0	FULL	2	968453
414	255	166	1155	252	0	0	FULL	2	547339
394	155	205	12	448	0	0	FULL	1	645602
333	241	244	3354	828	9	10	FULL	1	170826
262	215	222	6525	2000	0	0	FULL	4	936465
407	263	154	0	1100	2	6	FULL	5	330588
328	213	222	821	250	0	0	ALL_EDGES	2	515465
403	260	158	33	417	19	25	ALL_EDGES	1	306423
370	226	198	16	580	0	0	FULL	2	512738
330	280	136	12	398	26	27	FULL	3	728263
298	218	253	0	363	0	0	FULL	3	850372
292	216	214	13	602	0	0	FULL	1	894684
535	200	126	13	672	23	25	FULL	1	395342
339	196	233	0	535	0	0	FULL	2	847209
344	253	190	1815	1323	29	29	FULL	9	825613
384	342	118	1426	883	0	0	FULL	3	323343
304	235	231	33	380	0	0	ALL_EDGES	1	408952
312	226	219	31	1099	0	0	FULL	4	496218
405	260	138	14	256	22	26	FULL	1	739388
395	257	153	2821	798	20	16	FULL	1	858436
300	206	202	12	486	15	23	FULL	2	159226
367	224	152	0	544	16	19	FULL	2	961201
603	390	79	0	1287	0	0	FULL	1	300017
350	157	299	16	844	30	32	FULL	1	453263
371	259	141	3537	1536	28	28	FULL	11	194588
318	209	188	12	730	0	0	FULL	2	463844
335	319	117	12	1578	7	11	FULL	2	534039
423	278	123	14	250	0	0	FULL	4	379575
282	214	272	16	709	24	23	FULL	1	652909
418	276	160	6105	632	0	0	FULL	9	466128
258	216	241	3861	384	29	34	FULL	1	793852
366	177	193	12	916	0	0	FULL	3	576429
450	292	134	0	414	0	0	FULL	2	909230
302	213	195	12	250	0	0	FULL	4	247887
353	158	348	1833	349	0	0	FULL	1	549536
306	247	166	0	751	0	0	FULL	1	569943
409	286	133	15	815	9	19	FULL	1	68851
374	246	168	15	901	24	27	FULL	2	64968
421	341	139	20	382	23	27	ALL_EDGES	1	472953
332	280	135	1550	515	0	0	ALL_EDGES	1	296672
320	262	231	19	250	34	34	FULL	1	3045
383	174	217	2262	417	14	15	FULL	6	32617
391	212	150	3187	250	0	0	FULL	1	841761
353	294	139	2798	250	0	0	FULL	3	75628
323	254	165	13	549	33	33	FULL	1	248531
396	240	131	12	1434	0	0	FULL	2	86124
405	253	191	2769	458	0	0	FULL	3	107972
263	234	253	15	977	0	0	FULL	1	796375
317	306	180	35	360	0	0	ALL_EDGES	1	757286
304	213	239	15	504	5	7	FULL	2	108984
334	209	179	12	1042	10	11	FULL	3	564178
380	195	169	25	480	18	15	FULL	3	638279
315	277	190	16	250	0	0	ALL_EDGES	1	72549
378	239	150	1444	250	1	4	FULL	2	247086
316	207	253	5824	513	31	28	FULL	1	83664
366	231	149	12	263	0	0	FULL	3	158797
377	312	170	20	565	26	31	FULL	2	846169
387	235	138	12	676	0	0	FULL	1	483371
327	238	160	3187	404	0	0	FULL	2	70477
268	233	248	3906	619	7	10	FULL	3	412275
383	338	105	3780	250	0	0	FULL	3	838727
306	224	212	14	445	0	0	FULL	1	245891
267	151	333	0	826	0	0	FULL	1	492272
285	227	241	15	354	12	10	FULL	1	472238
340	272	167	3968	250	0	0	FULL	2	302939
415	299	101	2725	526	0	0	FULL	1	178209
275	204	223	12	403	25	27	FULL	1	291227
487	368	109	2476	310	18	18	FULL	1	551886
510	329	92	15	422	34	32	FULL	3	491032
366	241	175	15	482	0	0	FULL	1	601776
300	187	222	12	250	22	19	FULL	2	82374
419	276	134	15	250	24	20	ALL_EDGES	1	88558
343	230	196	15	796	0	0	FULL	1	946643
286	182	337	17	412	0	0	FULL	1	64422
467	305	109	15	745	0	0	FULL	1	942189
250	153	352	13	506	0	0	FULL	2	462799
