237	172	86	1186	250	28	21	FULL	3	292017
248	179	192	2167	508	15	17	FULL	1	903763
376	301	102	11	467	0	0	FULL	2	576513
317	190	191	11	1572	18	17	FULL	1	622271
272	260	149	871	672	0	0	FULL	1	627015
338	170	95	709	825	12	20	FULL	1	971943
236	192	187	0	672	0	0	FULL	3	46546
187	134	179	4	618	0	0	FULL	1	804056
302	174	218	11	814	0	0	FULL	1	272000
195	140	164	0	250	0	0	FULL	1	449332
331	295	97	0	347	8	14	ALL_EDGES	2	965190
222	149	349	23	682	0	0	FULL	1	797778
280	159	145	851	783	7	6	FULL	1	856839
264	151	213	0	325	12	12	FULL	2	291632
240	143	159	5	567	21	23	FULL	2	192639
230	164	278	2446	631	0	0	FULL	2	42980
229	165	146	247	650	13	14	FULL	1	175333
397	246	88	8	250	0	0	ALL_EDGES	3	977946
215	144	309	9	1061	29	27	FULL	1	325970
369	171	151	0	572	0	0	FULL	1	764694
278	182	189	9	431	9	15	FULL	1	112701
299	236	163	11	1599	30	34	FULL	2	819405
265	174	229	10	615	0	0	FULL	2	486740
286	230	159	21	486	0	0	FULL	2	554240
283	169	157	7	250	9	4	ALL_EDGES	3	94134
200	137	127	3	250	0	0	FULL	5	610100
440	354	74	11	258	13	17	FULL	2	902714
285	200	132	7	1430	0	0	ALL_EDGES	3	239740
218	101	341	1627	250	14	13	FULL	2	794250
263	152	213	8	695	25	25	FULL	1	311111
294	203	177	1470	250	0	0	FULL	1	603297
302	224	111	7	250	20	22	FULL	3	470397
306	184	151	0	650	12	16	FULL	3	549879
332	244	93	892	732	0	0	FULL	1	56834
351	254	84	1440	306	0	0	FULL	1	124903
206	170	129	805	709	15	14	FULL	1	238343
254	174	102	4	250	0	0	FULL	1	745638
295	197	112	6	2044	17	18	FULL	1	394866
252	196	231	1012	570	0	0	ALL_EDGES	2	893962
219	144	238	7	466	33	35	FULL	4	626817
303	193	128	555	609	0	0	ALL_EDGES	1	166548
253	163	110	1197	276	17	18	FULL	1	420549
325	194	167	10	742	0	0	FULL	2	493699
320	198	166	3864	609	27	26	FULL	2	980336
261	187	235	11	504	0	0	FULL	9	617743
376	278	81	1011	1238	20	20	FULL	4	605961
323	174	204	11	348	18	25	FULL	5	823087
276	124	161	5	596	30	37	CORNERS	2	947748
382	321	86	10	449	11	13	FULL	1	973994
379	262	116	23	667	26	31	FULL	2	221008
194	172	224	7	451	0	0	ALL_EDGES	1	229522
257	164	201	17	1099	0	0	FULL	1	932174
262	235	121	0	407	0	0	FULL	1	590441
360	232	101	875	250	28	30	FULL	1	298876
287	237	125	8	624	8	14	FULL	3	882230
287	272	147	2058	250	0	0	FULL	1	550948
371	204	139	1921	554	23	24	FULL	2	966643
324	210	170	3082	388	23	25	FULL	1	148435
284	208	127	562	632	16	17	FULL	8	220629
207	197	185	7	470	11	17	FULL	1	259842
247	188	184	8	283	24	24	FULL	1	942734
256	187	240	1023	330	13	10	FULL	3	639670
275	187	145	0	250	0	0	FULL	2	304107
263	197	184	9	1006	0	0	FULL	1	322839
353	202	162	11	414	0	0	FULL	1	286554
263	208	174	9	711	24	23	FULL	2	270142
337	225	85	6	250	0	0	FULL	2	261933
437	199	132	1771	1436	0	0	ALL_EDGES	2	647012
246	82	222	13	620	18	18	FULL	1	783990
379	165	136	2065	659	26	30	FULL	3	833622
299	231	152	0	1159	47	52	FULL	2	32625
347	203	107	15	572	0	0	FULL	2	619199
241	186	190	8	322	0	0	FULL	3	337579
235	180	200	518	691	26	25	FULL	3	675835
259	226	128	7	267	0	0	ALL_EDGES	4	50379
236	159	173	1352	461	44	41	FULL	3	40118
198	133	170	9	456	10	8	FULL	4	347288
287	229	175	11	250	0	0	FULL	2	583204
225	150	251	8	1007	0	0	FULL	2	624933
275	191	162	1215	695	18	19	ALL_EDGES	1	142810
276	217	158	323	529	34	33	FULL	2	237736
242	197	241	23	468	20	27	FULL	2	710723
264	208	155	2439	697	0	0	FULL	1	95014
260	147	91	700	250	19	21	FULL	2	999440
277	178	192	9	250	0	0	FULL	2	782792
332	223	101	652	250	0	0	ALL_EDGES	3	269052
417	190	120	9	692	0	0	FULL	3	694888
283	140	139	5	464	0	0	FULL	1	731463
282	202	115	0	695	18	22	FULL	2	307893
283	193	138	7	516	0	0	FULL	2	716052
375	209	147	0	250	0	0	FULL	1	51284
309	173	216	11	250	0	0	FULL	2	954153
288	253	145	10	427	0	0	FULL	1	54537
337	182	155	1368	468	0	0	FULL	2	834531
259	167	104	1345	633	0	0	FULL	1	924262
278	206	200	11	725	0	0	ALL_EDGES	2	877595
246	179	125	5	818	0	0	FULL	2	909070
289	248	91	994	430	0	0	FULL	1	352732
326	177	130	0	518	0	0	FULL	2	523716
310	213	68	0	250	28	27	FULL	2	665290
289	224	132	17	355	0	0	FULL	1	342967
348	246	135	943	414	12	14	FULL	1	803938
285	193	208	2875	498	0	0	FULL	3	405252
303	258	147	11	557	0	0	FULL	3	377745
293	226	181	12	592	0	0	FULL	1	177957
169	140	191	4	447	0	0	FULL	3	835914
238	164	168	13	1143	18	21	FULL	1	499360
288	209	141	1861	666	13	20	FULL	1	546550
303	191	199	11	676	21	30	FULL	1	288584
274	241	181	24	252	34	38	FULL	1	921280
300	205	89	0	590	28	30	FULL	3	837170
282	198	206	0	309	13	14	FULL	4	36391
229	185	106	4	1144	0	0	FULL	3	916631
205	179	123	4	394	0	0	ALL_EDGES	2	636936
307	212	130	782	732	0	0	FULL	2	222460
285	220	151	1406	821	7	6	FULL	1	187157
292	233	125	0	579	0	0	FULL	2	88222
333	138	76	1176	674	12	14	FULL	1	68742
263	183	134	234	437	14	19	FULL	2	868921
231	133	113	269	444	11	7	ALL_EDGES	2	709797
218	158	189	6	954	0	0	FULL	1	472728
282	223	120	15	1015	0	0	FULL	2	962957
355	254	117	10	992	0	0	FULL	3	728437
378	271	93	9	925	0	0	FULL	1	481265
211	182	221	8	715	0	0	FULL	3	76975
266	187	90	9	535	15	13	FULL	3	330186
276	190	200	997	623	0	0	ALL_EDGES	1	552860
274	208	97	863	703	10	11	FULL	3	905517
301	169	147	7	302	0	0	FULL	3	180090
261	159	254	2194	360	27	31	CORNERS	1	889415
223	117	210	275	516	0	0	FULL	1	435248
398	235	112	10	566	0	0	FULL	1	375863
272	252	124	8	250	0	0	ALL_EDGES	5	781389
312	212	128	0	572	20	22	FULL	1	692440
276	157	150	6	250	13	10	ALL_EDGES	3	877711
231	217	150	2370	1461	0	0	FULL	3	372000
354	221	122	9	250	18	21	FULL	1	665822
328	210	168	0	515	0	0	FULL	2	655887
395	287	102	1920	591	26	24	FULL	2	674509
270	199	140	0	1134	9	8	FULL	2	168644
310	184	78	4	478	0	0	FULL	3	349211
467	301	85	12	613	20	22	FULL	4	631130
336	220	129	0	250	0	0	FULL	1	272243
389	291	106	0	704	29	32	FULL	2	585996
233	169	265	987	406	15	18	ALL_EDGES	2	465542
409	204	126	0	250	0	0	FULL	5	725205
317	247	147	23	285	0	0	FULL	2	408655
208	162	224	7	250	37	39	FULL	2	984043
278	190	104	863	512	18	19	FULL	1	357025
252	137	216	7	908	9	10	FULL	5	794116
311	211	160	2373	596	0	0	ALL_EDGES	1	353921
324	201	115	7	346	0	0	FULL	2	154014
321	178	131	1110	473	0	0	FULL	3	990891
268	176	117	5	844	16	16	FULL	4	384236
271	120	230	892	250	36	36	FULL	5	38993
342	309	90	9	250	0	0	FULL	2	692498
308	260	82	6	462	0	0	FULL	1	756707
360	198	133	0	424	8	9	ALL_EDGES	1	909275
306	229	149	3171	362	27	26	FULL	2	994296
330	207	110	0	334	19	26	FULL	2	27895
319	223	106	1215	697	0	0	FULL	4	633719
335	120	137	5	419	0	0	FULL	3	762598
248	226	80	4	517	24	24	FULL	1	764559
306	186	168	2764	639	0	0	ALL_EDGES	3	548811
324	187	157	9	657	38	40	FULL	5	575218
238	162	219	926	590	0	0	FULL	2	54355
260	210	82	256	250	18	17	FULL	3	550562
239	170	209	8	856	0	0	ALL_EDGES	2	409422
235	181	105	544	1171	16	14	FULL	1	906603
286	176	169	59	1115	0	0	ALL_EDGES	5	941900
274	187	165	0	1021	20	28	FULL	3	864954
199	148	154	0	426	0	0	FULL	1	363761
286	212	108	0	438	8	10	FULL	4	231964
297	203	124	1282	568	32	36	FULL	1	109365
293	207	123	7	765	0	0	FULL	7	355615
310	228	120	799	837	32	34	FULL	4	628173
236	161	118	0	311	31	30	FULL	4	451683
314	234	129	9	926	0	0	FULL	2	44759
249	218	175	0	250	0	0	FULL	1	483376
264	144	92	3	250	0	0	FULL	4	141887
351	265	124	11	250	16	17	CORNERS	1	761666
288	263	152	655	250	12	6	ALL_EDGES	3	675823
279	234	161	2383	793	10	15	FULL	1	571528
261	156	135	874	565	30	31	FULL	4	101248
441	330	79	0	250	18	18	FULL	1	669322
370	284	81	0	1065	0	0	FULL	1	403911
250	201	128	0	250	13	13	ALL_EDGES	1	373095
224	161	209	0	741	2	4	ALL_EDGES	2	977515
286	231	129	1453	1157	24	29	FULL	1	630123
273	161	215	9	431	0	0	FULL	2	852961
258	263	170	11	579	0	0	ALL_EDGES	1	593440
296	193	149	8	583	0	0	FULL	1	334729
378	224	124	2341	404	27	27	FULL	1	13929
258	175	166	592	653	0	0	FULL	3	953388
283	135	92	0	488	0	0	FULL	1	635358
394	309	86	10	1020	0	0	ALL_EDGES	2	487935
256	199	108	16	565	0	0	ALL_EDGES	2	489455
253	212	159	1955	411	0	0	FULL	1	187874
296	121	236	1708	464	0	0	FULL	2	137993
249	189	159	0	843	3	2	FULL	1	709233
211	152	141	4	551	18	18	FULL	1	575757
361	302	110	5964	1338	15	9	FULL	1	71314
246	267	128	0	569	0	0	FULL	1	394909
401	266	108	23	939	12	18	FULL	2	937111
267	208	153	3485	1087	0	0	FULL	1	697354
291	164	136	6	250	0	0	FULL	3	922415
277	225	168	0	698	18	18	FULL	1	217191
220	156	247	8	250	0	0	FULL	3	460952
284	263	113	8	250	18	20	FULL	2	486814
355	268	111	0	250	19	24	FULL	1	785175
314	219	124	8	250	9	8	FULL	1	785842
281	152	177	0	250	0	0	FULL	3	823732
269	162	195	17	835	0	0	FULL	1	840407
316	192	156	9	498	0	0	FULL	1	416229
358	247	108	9	431	14	11	ALL_EDGES	1	192608
245	203	171	8	250	22	23	FULL	2	628391
338	236	94	7	950	0	0	FULL	7	557231
251	197	151	1552	250	0	0	FULL	1	827524
265	220	128	1162	673	21	19	FULL	1	653998
272	221	191	2127	533	0	0	FULL	2	851795
290	206	125	7	1896	0	0	FULL	5	922262
309	180	206	2438	250	0	0	FULL	1	207081
341	163	207	0	502	0	0	FULL	4	949749
335	173	112	6	445	14	19	FULL	4	517688
287	152	173	0	456	0	0	FULL	1	280213
176	128	156	556	851	0	0	FULL	6	298138
316	240	138	10	1011	0	0	FULL	1	446571
278	138	298	11	648	24	30	FULL	2	835613
307	266	92	15	250	16	19	FULL	3	726791
262	240	103	825	729	0	0	FULL	4	745088
245	134	258	17	461	0	0	FULL	3	545240
315	220	122	8	893	0	0	FULL	1	76845
200	138	198	484	367	30	32	FULL	1	711373
229	163	228	1513	557	0	0	FULL	1	584910
262	246	116	810	499	21	28	FULL	1	12979
250	206	203	735	696	21	24	FULL	3	88601
316	239	99	7	1249	0	0	FULL	1	540831
387	254	117	23	797	0	0	FULL	1	434711
279	172	115	5	296	11	15	FULL	3	335949
405	236	89	0	371	31	36	FULL	4	470718
265	211	153	8	783	0	0	FULL	1	4287
317	188	110	1566	250	19	19	FULL	1	114903
224	173	167	13	1292	21	22	FULL	1	736254
238	214	168	272	1042	24	28	FULL	2	601395
297	181	139	7	638	16	19	ALL_EDGES	2	701935
292	198	183	1375	786	9	10	FULL	2	428206
274	189	145	7	443	0	0	ALL_EDGES	1	908823
316	270	141	12	1033	17	17	FULL	1	251674
205	142	155	4	720	17	15	FULL	1	877540
377	256	88	0	347	0	0	FULL	4	370715
299	196	146	0	567	18	15	FULL	2	700878
203	163	165	836	512	0	0	FULL	1	662360
350	277	108	21	960	7	8	FULL	1	158886
296	187	189	10	250	21	26	FULL	7	777735
228	153	214	0	1460	30	31	FULL	2	679305
199	141	161	198	501	27	27	FULL	5	926917
255	195	150	1867	590	0	0	FULL	1	745362
424	244	101	10	770	34	40	FULL	2	268777
286	206	178	10	499	24	23	FULL	2	705780
233	199	247	11	383	0	0	ALL_EDGES	3	456508
213	155	136	4	1458	41	41	ALL_EDGES	3	131879
293	198	147	1198	658	0	0	FULL	1	107749
329	173	184	2499	250	22	27	FULL	1	813723
331	188	137	0	526	0	0	FULL	1	415793
220	149	258	8	465	18	23	FULL	2	955628
253	193	112	11	736	34	33	FULL	1	815357
255	137	100	3	250	0	0	FULL	1	961132
454	402	63	1138	724	11	5	FULL	1	344154
286	229	161	10	256	0	0	ALL_EDGES	3	245724
203	159	170	2068	420	0	0	ALL_EDGES	1	675991
284	211	142	8	529	39	38	FULL	7	794804
338	256	122	0	419	11	8	FULL	1	105238
262	187	235	4853	250	0	0	ALL_EDGES	1	534874
374	193	132	9	1001	0	0	FULL	1	930264
271	225	123	952	250	0	0	FULL	2	621365
294	244	146	10	535	30	34	FULL	1	223234
288	150	197	1028	824	6	7	FULL	2	12298
296	208	196	24	250	0	0	FULL	7	303606
305	168	166	8	568	0	0	FULL	1	591357
257	179	206	9	513	26	26	FULL	2	984132
329	257	136	1943	734	0	0	FULL	4	576936
303	176	160	1377	332	0	0	FULL	3	207542
303	196	160	9	413	12	12	FULL	1	850039
293	230	156	0	436	0	0	FULL	1	848712
306	184	169	9	790	0	0	FULL	1	844993
488	164	144	11	250	13	14	FULL	1	715958
323	217	165	0	250	0	0	FULL	1	139281
311	199	122	1672	250	0	0	ALL_EDGES	1	859331
192	130	179	1048	250	0	0	FULL	1	6110
258	172	147	6	879	0	0	FULL	1	117595
340	250	112	9	369	0	0	FULL	2	526168
260	188	174	8	587	26	25	FULL	2	248618
275	176	176	0	878	0	0	FULL	3	678372
300	171	88	1156	535	12	10	FULL	2	636135
262	185	176	8	869	0	0	FULL	2	605851
178	124	341	7	311	19	23	ALL_EDGES	6	883842
212	144	148	553	297	0	0	FULL	1	452199
231	185	176	1590	1123	0	0	FULL	1	559738
260	196	166	8	250	0	0	FULL	1	903809
210	122	252	429	482	37	42	FULL	1	19793
420	233	87	8	275	17	15	FULL	1	753803
302	232	149	10	749	0	0	FULL	2	788664
353	156	208	11	746	0	0	FULL	1	886510
288	213	187	1851	250	18	22	FULL	1	691925
235	159	227	8	413	0	0	FULL	2	330808
479	290	76	10	250	0	0	FULL	2	804819
224	160	239	3094	1607	0	0	FULL	1	827516
316	251	82	1462	250	0	0	FULL	3	134684
390	301	98	0	250	13	7	FULL	3	141233
260	207	157	8	250	0	0	FULL	2	76225
286	226	163	735	250	18	21	FULL	2	20564
424	209	129	23	250	17	22	FULL	2	594185
377	243	82	0	588	28	32	FULL	2	813152
269	155	228	912	250	9	9	FULL	2	254473
265	138	124	4	250	0	0	FULL	1	541548
303	170	165	8	420	0	0	FULL	2	479099
225	178	264	10	250	5	2	FULL	2	597654
243	168	282	989	1174	0	0	FULL	5	542058
292	240	165	4220	515	23	27	FULL	2	906141
245	208	108	1105	770	0	0	FULL	2	928267
227	180	160	643	546	10	13	FULL	1	385575
405	193	134	10	531	21	18	FULL	2	806369
247	176	220	1330	1405	10	18	FULL	2	838702
306	158	196	19	250	0	0	FULL	1	849132
269	200	84	4	250	24	26	FULL	1	270902
273	155	226	9	783	14	16	FULL	1	122478
411	312	94	0	250	14	11	FULL	2	997383
272	182	131	6	1174	0	0	FULL	1	433943
211	203	151	6	863	0	0	FULL	4	302504
229	139	203	962	817	35	35	FULL	2	236645
283	183	221	11	613	0	2	FULL	1	985265
199	175	157	0	741	0	0	FULL	1	403114
243	171	132	11	419	0	0	FULL	2	686891
391	195	150	0	383	0	0	FULL	2	173709
253	180	186	1589	905	21	30	FULL	5	928863
258	178	164	1807	711	13	13	FULL	4	775125
378	207	109	561	833	14	14	FULL	2	171631
213	178	197	7	862	0	0	ALL_EDGES	2	572568
349	295	117	12	739	0	0	FULL	1	511224
300	222	128	8	250	12	17	FULL	2	316005
412	189	148	667	250	0	0	FULL	1	833957
373	233	98	8	267	0	0	FULL	2	351995
246	204	208	10	250	0	0	FULL	2	892857
258	158	282	0	838	0	0	FULL	2	687420
326	239	135	1071	500	22	20	FULL	2	316636
254	205	106	0	782	0	0	FULL	1	994137
316	236	154	0	856	0	0	FULL	1	994874
366	186	139	9	250	0	0	FULL	1	429904
215	190	282	0	250	0	0	FULL	1	398436
277	161	269	564	314	0	0	ALL_EDGES	1	7501
315	272	64	5	570	16	14	FULL	1	530165
168	133	292	0	398	17	17	FULL	2	515902
204	158	140	4	366	29	26	ALL_EDGES	1	453282
274	188	223	23	499	0	0	ALL_EDGES	2	682095
331	177	76	4	413	21	27	ALL_EDGES	2	551918
343	250	111	9	250	28	27	FULL	2	167670
313	204	180	11	250	0	0	FULL	2	623537
318	282	106	9	520	0	0	FULL	2	720410
391	265	82	0	1240	14	16	FULL	1	609372
221	174	169	6	353	0	0	FULL	4	757158
184	140	174	166	1044	4	0	FULL	1	524978
245	128	175	869	945	0	0	FULL	2	278925
241	166	187	1050	250	0	0	FULL	1	468068
294	212	120	7	849	0	0	FULL	4	458717
287	197	168	0	832	0	0	FULL	1	821138
266	167	192	1156	543	0	0	FULL	1	293160
331	267	118	10	380	31	29	FULL	4	321171
378	238	128	11	417	14	21	FULL	2	664919
287	214	90	0	557	16	17	ALL_EDGES	1	796371
267	190	148	2280	639	13	14	FULL	1	13064
246	206	228	2392	1486	0	0	FULL	3	443109
217	160	130	4	531	0	0	FULL	9	534632
340	230	108	1249	443	19	22	FULL	1	516739
326	278	116	21	407	0	0	FULL	1	887211
276	128	269	1748	353	22	23	FULL	2	294791
292	156	262	12	507	0	0	ALL_EDGES	2	764844
280	194	138	15	250	0	0	FULL	1	618408
330	252	102	2975	503	0	0	ALL_EDGES	2	697365
304	238	145	10	584	0	0	FULL	1	598122
311	237	156	23	464	0	0	FULL	2	322198
291	220	149	2517	250	16	19	FULL	1	967968
301	238	146	787	392	45	42	FULL	1	673823
380	244	103	0	705	0	0	ALL_EDGES	1	960567
238	192	164	1957	250	0	0	FULL	1	890228
300	206	121	337	626	0	0	FULL	1	735762
241	138	224	7	431	0	0	FULL	1	416460
386	273	110	11	506	0	0	FULL	2	367623
257	173	236	21	851	0	0	FULL	6	705030
402	314	91	0	1050	15	9	FULL	3	886674
350	194	169	6348	1249	13	15	ALL_EDGES	2	337382
314	153	240	0	394	0	0	FULL	5	436235
321	239	150	3139	491	0	0	ALL_EDGES	3	32150
352	211	155	11	250	0	0	FULL	1	890545
367	316	82	1881	599	9	12	FULL	1	856781
402	251	114	11	514	21	24	FULL	2	403280
237	175	108	774	437	0	0	FULL	4	709698
333	242	143	23	434	0	0	ALL_EDGES	1	398722
303	187	132	0	267	21	21	FULL	9	851826
377	249	123	11	974	0	0	FULL	2	565843
169	141	190	4	250	0	0	ALL_EDGES	6	327372
316	198	184	11	480	0	0	FULL	2	682816
254	239	140	2150	489	20	25	FULL	2	696129
316	241	138	0	450	0	0	FULL	2	375628
258	214	135	7	250	16	18	FULL	2	946124
251	181	187	8	250	0	0	FULL	3	393518
220	178	115	4	293	0	0	FULL	1	76844
221	142	145	1057	391	30	32	FULL	1	676400
267	156	155	2249	314	34	34	FULL	3	281614
317	280	107	9	495	18	15	FULL	3	701639
283	205	147	8	1432	21	25	FULL	2	549146
266	219	164	0	773	0	0	FULL	2	120444
362	230	102	1776	502	14	13	FULL	1	734221
285	193	155	926	478	11	12	FULL	1	603867
313	169	142	592	428	11	14	FULL	1	201723
277	198	218	2412	331	0	0	FULL	2	279526
227	169	91	3	250	0	0	FULL	1	137982
253	175	216	9	571	0	0	FULL	1	823536
269	193	223	5071	1377	0	0	FULL	3	138740
313	199	168	10	1024	10	6	ALL_EDGES	2	771604
300	215	131	8	518	24	19	FULL	2	81573
305	194	143	8	1054	27	34	ALL_EDGES	6	644052
289	212	171	1281	754	4	5	FULL	5	515908
313	213	112	1080	651	0	0	FULL	2	350349
296	177	143	7	506	0	0	FULL	8	388413
217	172	227	8	409	14	19	FULL	5	133024
305	171	182	9	250	17	13	FULL	2	794756
304	245	74	1914	531	0	0	FULL	1	232534
434	336	79	11	250	0	0	ALL_EDGES	4	964096
283	170	240	1495	930	11	12	FULL	1	739423
261	132	160	1342	250	11	11	ALL_EDGES	1	295352
211	174	232	17	420	0	0	FULL	2	558883
271	199	194	10	337	0	0	FULL	2	629314
267	194	106	0	617	0	0	FULL	1	611671
366	286	110	2691	1093	4	8	FULL	3	900253
257	171	194	1895	250	4	3	FULL	2	136586
231	180	181	7	571	6	14	FULL	3	442205
195	171	135	0	418	15	9	FULL	3	31977
253	142	236	8	565	21	16	FULL	1	184517
230	144	226	7	564	10	10	FULL	1	763734
242	202	152	1177	1386	3	4	SHORT_EDGES	8	453903
239	164	218	8	250	20	24	ALL_EDGES	2	100763
322	139	100	0	650	20	21	FULL	1	915994
246	86	166	3	775	0	0	FULL	2	774111
344	230	145	11	250	29	28	FULL	4	995982
348	178	137	8	250	20	20	FULL	1	100901
304	275	102	986	437	0	0	ALL_EDGES	3	224817
322	187	92	11	664	0	0	FULL	2	250212
197	145	158	4	538	0	0	FULL	1	51334
367	187	124	8	905	0	0	FULL	3	51193
260	194	168	17	546	4	4	FULL	1	812979
402	287	74	8	925	0	0	FULL	1	675776
294	199	162	2622	429	23	26	FULL	1	985603
280	90	297	7	773	0	0	FULL	1	886588
220	163	180	117	472	11	6	FULL	2	754005
305	171	222	11	916	0	0	FULL	1	905710
188	152	192	5	315	0	0	FULL	1	947328
255	178	231	10	915	24	24	FULL	1	440420
280	206	147	8	1658	21	21	FULL	2	937994
251	192	156	7	625	16	16	FULL	1	741324
271	150	207	8	793	27	28	FULL	1	763711
283	241	125	1156	250	26	23	FULL	1	765844
313	223	165	0	653	31	36	ALL_EDGES	2	277922
278	199	190	10	476	0	0	FULL	2	583879
318	207	130	0	456	20	24	FULL	1	147240
305	174	180	9	979	21	23	FULL	1	507889
226	200	167	7	527	12	9	FULL	1	956077
325	248	130	10	250	0	0	FULL	1	623156
261	181	96	225	1007	25	29	FULL	1	308211
336	312	90	9	467	5	7	FULL	2	979252
280	216	140	0	434	0	0	FULL	1	964646
268	196	181	9	350	29	28	FULL	4	253778
348	144	150	1305	524	0	0	FULL	1	965040
328	182	143	8	508	43	36	FULL	2	767465
356	303	97	2898	1037	21	18	FULL	2	803020
246	189	183	8	250	22	27	FULL	1	806243
230	154	238	773	1019	0	0	FULL	3	376585
371	298	104	11	630	30	31	FULL	1	291982
233	209	134	6	352	29	23	FULL	1	690082
209	173	180	1625	398	0	0	FULL	2	326090
287	245	150	10	250	0	0	FULL	1	180621
262	143	282	1218	890	0	0	FULL	3	373320
220	163	98	0	503	26	26	FULL	2	323381
224	184	183	0	753	9	15	FULL	3	843616
347	228	132	2887	621	0	0	FULL	1	593711
295	201	127	7	343	0	0	FULL	4	775237
261	189	131	487	566	0	0	FULL	1	348509
309	197	173	10	1132	0	0	FULL	2	854614
294	231	125	8	612	0	0	FULL	5	101301
259	190	132	6	758	10	6	FULL	2	333946
195	140	165	4	250	0	0	FULL	1	21046
399	212	101	8	939	0	0	FULL	3	605710
240	174	180	0	718	24	20	FULL	4	125624
308	242	114	8	615	14	19	ALL_EDGES	1	961932
255	224	149	0	763	17	18	FULL	1	436424
299	171	107	0	963	30	24	FULL	2	577296
310	160	232	0	406	3	7	FULL	7	277413
301	216	176	11	490	25	24	FULL	5	820642
278	198	208	4220	793	0	0	FULL	3	485302
272	239	115	307	371	0	0	FULL	3	737425
219	155	251	8	490	0	0	FULL	2	122955
237	185	261	11	297	0	0	FULL	1	6670
306	156	242	2518	250	0	0	FULL	1	527319
245	134	107	0	482	0	0	FULL	8	748092
192	152	293	8	250	25	22	ALL_EDGES	3	169800
297	166	111	5	457	19	18	FULL	1	349235
284	165	244	11	813	0	0	ALL_EDGES	1	379365
348	194	141	2033	346	0	0	FULL	1	909299
202	162	200	6	878	0	0	FULL	1	981928
336	281	122	1253	486	16	15	FULL	1	330769
290	143	229	9	531	0	0	FULL	2	223897
272	201	155	8	290	0	0	ALL_EDGES	2	919520
375	244	114	10	775	0	0	FULL	1	374306
387	255	117	3254	250	18	15	ALL_EDGES	1	994815
231	162	226	0	649	0	0	FULL	2	101426
215	154	137	4	250	0	0	FULL	2	907569
217	182	267	1848	509	18	25	FULL	1	50774
442	264	98	0	459	0	0	FULL	1	761160
274	230	182	0	724	30	28	FULL	1	490330
221	186	206	8	669	36	39	FULL	1	142304
346	260	128	11	939	14	12	FULL	3	475875
334	182	173	10	371	19	22	FULL	4	348993
251	215	177	9	390	0	0	FULL	1	552282
366	319	99	11	550	17	15	FULL	4	834618
335	225	126	9	319	15	17	FULL	4	886765
267	174	182	807	501	27	28	FULL	3	46084
267	167	192	1768	1312	0	0	ALL_EDGES	3	481130
243	212	146	7	461	9	10	FULL	2	378941
282	243	168	11	670	29	31	ALL_EDGES	1	293004
271	145	114	4	842	22	28	FULL	2	278619
408	217	119	3318	700	29	29	FULL	1	485413
284	217	138	8	250	0	0	FULL	2	922753
256	169	265	621	608	0	0	FULL	2	298783
319	214	95	1540	250	31	27	FULL	2	221902
300	268	119	0	875	0	0	ALL_EDGES	1	197258
393	252	116	2438	476	23	26	FULL	1	822041
343	188	132	8	1270	0	0	FULL	2	173831
243	179	103	4	250	0	0	FULL	1	155886
371	293	106	23	250	35	34	FULL	1	883006
319	220	121	8	943	24	26	FULL	1	216545
369	148	211	1046	356	25	31	FULL	1	131260
239	169	211	8	250	19	16	FULL	5	127031
246	257	151	9	644	27	33	FULL	1	694867
391	215	137	2139	349	0	0	FULL	2	399756
294	198	180	10	440	0	0	ALL_EDGES	1	725948
251	171	151	2353	250	0	0	FULL	3	824252
239	145	218	7	770	0	0	FULL	1	618141
260	145	120	1129	698	14	12	FULL	4	750265
209	158	227	7	532	15	17	FULL	3	962839
241	128	308	0	787	0	0	FULL	4	131940
235	144	162	550	250	18	17	ALL_EDGES	1	809399
312	224	172	0	607	0	0	FULL	1	685495
244	175	200	960	443	24	23	FULL	2	464557
319	233	128	1301	361	0	0	FULL	1	661099
229	144	167	5	658	28	31	FULL	2	441543
285	220	135	17	1532	0	0	FULL	17	466310
547	299	113	55	897	25	26	FULL	4	342386
346	240	186	2154	558	33	31	FULL	1	625813
335	216	172	12	250	0	0	FULL	7	675149
389	285	140	15	250	12	10	FULL	1	643833
377	188	233	16	1132	0	0	FULL	1	858663
319	209	278	0	640	20	20	FULL	2	392030
359	261	144	13	441	31	33	FULL	1	187995
365	289	128	1134	581	0	0	FULL	1	797870
314	200	310	19	960	10	8	ALL_EDGES	2	734116
323	279	205	0	756	0	0	FULL	2	320043
264	215	290	33	695	25	21	FULL	4	410486
335	297	146	0	746	19	19	FULL	2	954934
326	252	188	0	250	19	16	FULL	4	52689
378	330	108	0	331	0	0	FULL	1	684793
272	191	261	5116	382	0	0	FULL	1	461062
324	203	191	12	250	0	0	FULL	1	511773
252	192	406	19	428	0	0	FULL	1	915046
332	210	193	0	499	16	18	FULL	1	489702
333	181	258	15	1053	0	0	FULL	2	388097
401	198	195	15	250	0	0	FULL	3	545112
383	276	185	2710	298	22	27	FULL	1	573368
361	252	160	14	250	25	26	FULL	1	732082
534	206	141	15	250	25	27	CORNERS	1	440525
381	222	148	12	1232	0	0	FULL	2	44401
335	249	199	16	633	0	0	FULL	2	542803
364	280	152	15	648	15	23	FULL	2	493855
333	256	217	2719	250	22	19	FULL	9	525275
338	243	202	1798	326	19	19	FULL	1	302885
320	216	181	25	526	23	23	ALL_EDGES	2	439762
327	200	223	14	629	22	31	FULL	4	201516
318	232	169	12	492	0	0	FULL	3	695840
320	180	270	15	291	0	0	FULL	2	817493
317	212	247	16	300	12	12	FULL	1	421404
350	301	167	1942	430	0	0	FULL	1	735008
364	239	178	15	678	0	0	FULL	2	788600
265	258	227	2774	745	25	26	FULL	2	272843
416	234	201	19	378	18	17	FULL	1	604862
398	293	158	1757	1018	9	16	FULL	5	696008
300	206	234	0	866	0	0	FULL	1	598416
307	241	170	0	462	10	12	FULL	4	517274
407	280	110	12	628	0	0	FULL	2	120179
350	242	159	0	420	29	19	FULL	2	110010
389	231	184	16	1239	26	30	ALL_EDGES	2	265485
363	234	183	945	598	0	0	FULL	1	23816
292	218	244	15	759	23	25	FULL	1	194344
347	204	219	0	969	17	16	FULL	2	23353
341	216	211	15	666	0	0	FULL	1	262082
484	277	145	19	406	26	28	FULL	1	424312
303	282	146	0	1150	19	23	FULL	1	763810
305	216	190	12	367	0	0	FULL	1	619411
436	260	119	40	1185	0	0	FULL	3	139330
279	182	266	513	588	17	20	FULL	1	369288
295	165	277	405	250	0	0	FULL	3	512975
424	215	192	3727	250	0	0	FULL	1	792014
255	174	305	13	250	33	36	FULL	3	216749
389	183	176	0	1186	0	0	FULL	1	268504
303	236	203	14	689	26	29	FULL	4	522202
379	340	143	0	250	0	0	FULL	1	428824
312	259	167	0	587	0	0	FULL	1	473778
314	268	231	2983	544	0	0	FULL	3	331096
412	269	158	0	250	0	0	FULL	4	932841
359	244	199	35	402	0	0	FULL	3	468805
254	233	228	13	652	0	0	FULL	4	381994
288	185	290	1658	1052	30	27	FULL	2	253853
428	373	116	3755	908	0	0	FULL	2	471767
343	220	206	1565	250	40	39	FULL	1	607844
272	247	201	13	410	9	9	FULL	5	706186
257	177	274	12	1020	32	33	FULL	6	969084
363	261	153	14	250	0	0	FULL	2	306740
540	326	111	19	1017	58	54	FULL	2	872005
359	289	121	12	250	37	34	FULL	2	490252
327	224	185	2929	740	30	29	FULL	1	342067
348	169	248	0	250	19	20	FULL	1	106305
340	218	169	987	250	0	0	ALL_EDGES	15	482529
323	232	167	1800	370	0	0	FULL	2	64376
315	191	224	13	715	12	15	FULL	2	916829
354	230	191	15	474	0	0	FULL	3	224873
342	279	131	25	250	0	0	FULL	1	753282
460	312	101	0	597	0	0	ALL_EDGES	1	578129
470	404	97	1461	462	0	0	FULL	1	792180
391	298	132	0	338	41	34	FULL	1	635408
490	424	97	10260	1296	3	0	ALL_EDGES	1	650339
278	206	253	29	534	0	0	FULL	3	63885
371	246	170	4541	462	0	0	ALL_EDGES	1	281795
330	237	211	16	250	0	0	FULL	2	513933
400	337	115	2433	435	0	0	ALL_EDGES	1	539946
434	370	115	3459	739	0	0	FULL	1	737322
342	156	271	14	271	0	0	FULL	7	215757
371	248	147	1512	650	21	20	FULL	3	992772
304	233	220	1658	497	25	27	FULL	1	535465
430	287	117	14	1306	0	0	FULL	1	144902
339	169	237	0	721	16	19	FULL	3	135063
379	269	191	0	250	0	0	FULL	2	266910
346	300	158	16	536	0	0	FULL	1	820634
405	306	162	0	304	30	29	FULL	2	612721
347	277	161	15	250	0	0	ALL_EDGES	1	671395
347	230	208	3745	297	7	6	FULL	1	635860
299	169	307	31	735	0	0	FULL	1	827170
290	248	201	14	863	20	18	FULL	3	486759
401	209	239	20	603	8	5	FULL	2	965151
329	239	158	0	250	0	0	FULL	3	786766
379	238	161	507	430	34	36	FULL	1	429745
361	238	193	7936	857	0	0	FULL	2	116171
424	299	138	17	483	0	0	FULL	2	669719
348	267	156	0	250	0	0	FULL	1	881587
394	293	125	1218	250	0	0	FULL	1	676793
388	301	107	2650	250	15	20	FULL	6	173163
305	226	225	31	849	22	20	FULL	1	970869
275	187	243	12	498	17	19	FULL	2	891226
324	203	221	14	379	0	0	ALL_EDGES	2	614970
260	171	326	0	250	32	32	FULL	2	311479
320	211	274	4588	700	33	31	ALL_EDGES	2	174580
400	261	120	12	1378	0	0	FULL	2	804371
391	241	175	16	250	0	0	ALL_EDGES	1	271326
305	217	251	0	250	0	0	FULL	1	288194
304	210	259	16	524	15	19	FULL	2	873667
287	214	221	0	250	0	0	FULL	1	324936
345	249	180	3627	897	23	24	FULL	2	805569
320	276	154	6642	1459	0	0	FULL	2	818359
331	285	174	2854	354	0	0	FULL	7	246929
359	240	145	5487	495	13	15	FULL	1	260635
505	306	81	0	300	0	0	FULL	1	421303
373	172	274	17	580	27	30	FULL	3	740283
412	207	158	3064	321	18	16	FULL	2	361182
409	212	179	2821	704	0	0	ALL_EDGES	2	208601
466	270	159	0	637	0	0	FULL	1	904777
423	348	92	13	713	0	0	FULL	1	314203
377	237	173	31	250	0	0	FULL	2	496587
349	309	182	19	1170	16	14	ALL_EDGES	1	80958
497	374	100	0	538	0	0	FULL	3	464055
357	228	153	12	308	8	13	FULL	1	22595
355	244	203	3395	448	0	0	FULL	6	683809
371	229	159	40	487	0	0	FULL	1	472372
364	205	235	2660	599	0	0	FULL	3	593029
373	259	192	4551	685	13	20	FULL	2	364835
382	363	141	1794	250	8	7	CORNERS	5	401227
402	334	145	1638	324	26	22	ALL_EDGES	3	691494
281	236	204	13	956	22	23	FULL	3	919216
497	347	102	0	979	0	0	FULL	4	600151
293	230	245	16	977	0	0	FULL	1	399530
240	257	250	3859	376	13	9	FULL	2	930920
401	226	171	2433	262	5	11	FULL	1	790485
452	299	136	18	390	0	0	FULL	2	132055
431	178	214	16	1221	0	0	FULL	3	759067
303	217	250	3399	250	0	0	ALL_EDGES	2	140785
287	249	203	2958	609	19	21	FULL	2	301396
393	325	157	20	453	24	18	FULL	1	596497
487	257	100	2287	1271	16	14	ALL_EDGES	3	955813
350	273	152	29	716	22	17	FULL	1	933349
