293	150	263	0	476	13	12	FULL	1	250563
339	182	195	1692	1115	0	0	FULL	1	132340
328	185	174	10	712	0	0	FULL	2	595487
321	219	122	2235	250	0	0	FULL	1	692661
281	230	85	0	1328	0	0	FULL	2	764027
381	230	109	693	852	0	0	FULL	1	709100
321	174	189	10	779	29	35	FULL	1	446168
232	190	170	15	250	0	0	ALL_EDGES	2	382865
365	293	80	2388	250	41	37	FULL	2	600545
358	184	175	1920	744	0	0	SHORT_EDGES	4	575539
329	290	121	11	739	33	36	FULL	2	954419
242	171	133	0	675	0	0	FULL	2	232766
303	195	110	6	505	0	0	FULL	2	954784
335	255	111	1634	334	0	0	FULL	2	349466
265	250	159	21	263	37	51	FULL	2	988259
334	239	119	28	590	0	0	FULL	2	132586
300	191	96	1424	1026	24	33	FULL	3	328312
284	259	156	11	330	0	0	FULL	3	796561
327	266	110	9	250	0	0	FULL	2	801568
279	211	77	675	250	0	0	ALL_EDGES	4	104399
200	109	207	1197	1014	0	0	FULL	3	884698
286	206	127	7	270	0	0	FULL	2	889343
237	178	106	4	617	47	47	ALL_EDGES	1	713518
248	188	162	7	250	33	39	FULL	1	472750
349	227	133	2047	796	0	0	FULL	2	775526
309	270	90	45	1389	0	0	FULL	2	80433
320	223	161	0	553	17	13	ALL_EDGES	2	264748
229	151	331	11	815	0	0	FULL	2	331743
352	294	92	437	1007	0	0	FULL	1	475270
268	158	154	13	818	0	0	FULL	7	871508
240	170	184	7	527	0	0	FULL	3	856463
398	243	88	0	533	19	16	FULL	3	661136
238	184	262	11	330	13	16	ALL_EDGES	4	60030
308	194	142	3825	1345	8	7	FULL	1	788439
440	286	91	0	250	5	4	FULL	2	293688
327	227	155	1414	738	20	20	FULL	2	429799
263	175	163	7	398	24	25	ALL_EDGES	1	589507
291	167	174	8	608	34	35	FULL	2	476609
248	222	174	9	250	0	0	FULL	1	71182
318	216	153	1501	450	31	35	FULL	2	192712
281	168	201	9	1195	12	12	FULL	1	380758
300	234	136	9	729	0	0	FULL	1	762427
228	167	198	0	250	30	33	FULL	1	907287
243	173	178	7	1170	0	0	ALL_EDGES	10	763377
259	221	131	0	250	0	0	FULL	1	647855
251	237	109	6	580	33	33	FULL	1	324115
301	212	181	1472	250	0	0	FULL	2	710672
350	252	85	697	659	15	18	FULL	1	306979
257	161	133	11	250	0	0	FULL	2	46882
377	247	123	11	500	9	11	FULL	1	782556
240	208	210	2394	1106	0	0	CORNERS	2	388713
263	158	181	930	514	16	17	FULL	3	378016
309	218	171	11	335	5	3	FULL	1	32341
227	193	170	0	250	0	0	FULL	2	415027
304	238	158	11	1003	13	16	FULL	3	178381
295	245	118	986	422	0	0	FULL	3	200850
307	222	125	1742	250	0	0	FULL	1	418141
279	192	160	8	935	0	0	FULL	2	492542
212	199	83	1137	389	0	0	FULL	2	720639
282	192	193	0	969	0	0	FULL	4	422204
392	211	127	0	646	29	22	FULL	2	754616
304	171	183	1425	778	32	34	FULL	1	978450
280	178	151	7	322	0	0	FULL	2	37498
227	177	113	0	802	21	24	ALL_EDGES	3	781004
213	133	159	166	250	0	0	FULL	2	952738
257	188	155	367	250	0	0	FULL	2	411765
277	168	182	0	250	11	11	FULL	3	792654
341	220	127	9	727	21	22	FULL	2	976544
376	266	120	12	426	0	0	FULL	3	944360
260	209	212	897	360	7	6	ALL_EDGES	2	241810
374	267	75	0	299	0	0	FULL	3	816771
318	170	120	6	738	30	32	FULL	2	610695
263	215	168	9	678	8	12	FULL	2	931465
280	181	69	3	1103	0	0	FULL	2	866634
221	130	157	0	686	9	8	FULL	2	468197
378	252	89	2210	439	0	0	FULL	3	529573
255	175	212	9	498	0	0	FULL	1	6940
324	175	202	1909	723	20	22	FULL	2	47611
317	256	105	8	650	0	0	FULL	2	473056
391	205	119	1900	348	0	0	FULL	1	234041
220	194	176	7	521	22	25	FULL	1	801498
308	201	186	23	250	0	0	ALL_EDGES	2	223067
245	142	215	4207	1388	0	0	FULL	7	344131
236	193	122	1595	1082	0	0	FULL	3	665173
248	212	67	7	781	13	19	FULL	1	223182
213	223	200	19	250	0	0	ALL_EDGES	1	779062
333	189	167	1953	613	0	0	FULL	1	893329
237	191	255	0	473	0	0	FULL	2	130047
451	259	81	0	896	7	8	FULL	1	273118
290	210	123	0	250	0	0	FULL	1	872896
402	275	86	2964	370	0	0	FULL	1	846734
283	219	154	19	1460	0	0	ALL_EDGES	3	526205
202	190	117	751	471	0	0	FULL	7	855133
392	239	112	0	250	0	0	FULL	1	917518
313	165	202	21	785	0	0	FULL	2	417538
340	193	145	9	807	20	25	FULL	5	874705
267	171	230	0	250	0	0	FULL	3	893076
273	180	194	9	649	0	0	FULL	1	446786
385	182	164	23	927	0	0	FULL	1	845179
368	229	101	8	923	16	15	FULL	5	106229
392	165	162	10	2027	38	40	FULL	3	338549
293	166	113	5	545	13	9	FULL	1	957213
286	182	145	7	767	11	11	FULL	4	927040
295	216	133	8	330	11	9	FULL	2	836155
283	261	155	0	250	19	20	FULL	2	8174
317	254	81	0	504	13	15	FULL	1	137187
262	211	209	11	848	0	0	FULL	1	117361
255	190	174	909	616	28	32	ALL_EDGES	1	125563
233	218	228	11	561	46	47	FULL	3	533623
292	200	146	17	1421	32	35	FULL	4	383591
211	143	284	8	341	0	0	FULL	1	234606
464	265	97	2256	250	0	0	FULL	2	421246
345	242	113	9	431	0	0	FULL	2	444767
245	165	112	4	466	0	0	ALL_EDGES	3	839677
261	174	165	7	289	27	31	FULL	4	20816
344	188	186	1884	250	19	19	FULL	1	86915
161	114	191	2086	1212	0	0	FULL	1	128215
245	187	164	7	1068	12	16	FULL	2	593103
267	199	179	9	314	0	0	FULL	1	971036
318	193	139	8	477	23	28	FULL	1	912546
348	255	118	10	457	0	0	FULL	8	268186
224	153	218	7	250	28	31	FULL	2	917375
317	262	78	6	499	0	0	FULL	4	299086
237	159	93	1165	734	27	26	FULL	4	431341
254	209	141	7	1191	0	0	FULL	3	778004
347	208	160	11	250	9	8	FULL	4	537445
319	277	130	1219	250	9	14	ALL_EDGES	3	154687
287	241	94	799	270	0	0	FULL	1	819775
341	196	143	1757	614	0	0	FULL	3	952558
283	198	151	8	559	20	20	FULL	2	246437
330	250	115	0	496	0	0	FULL	2	449145
282	267	99	2257	1871	0	0	FULL	3	957712
207	137	159	0	250	0	0	FULL	1	954279
267	193	108	5	250	0	0	FULL	2	906324
352	131	185	8	1225	0	0	FULL	2	757173
298	194	130	7	631	0	0	FULL	1	193576
235	172	135	5	415	0	0	FULL	2	473009
318	212	170	11	250	15	11	FULL	2	510899
256	166	106	9	250	21	21	FULL	1	219033
265	206	156	8	470	15	17	FULL	6	804359
252	148	202	7	753	37	37	FULL	1	354156
299	132	139	797	250	28	35	FULL	1	115699
242	157	172	6	535	0	0	FULL	2	444380
394	230	105	9	426	0	0	FULL	1	518456
232	178	205	8	466	0	0	FULL	3	742738
261	171	237	10	376	0	0	FULL	1	330120
311	208	163	10	638	0	0	FULL	2	419056
362	231	138	11	250	0	0	FULL	4	537440
221	153	161	1028	278	0	0	FULL	1	535667
247	170	201	0	469	14	18	FULL	1	295696
274	180	111	5	453	35	35	FULL	1	178100
298	236	136	1444	397	0	0	FULL	1	750452
388	238	125	23	250	0	0	FULL	2	780320
213	191	210	1062	599	0	0	FULL	2	685836
274	198	175	9	282	0	0	FULL	2	607384
204	120	307	7	829	0	0	FULL	2	181273
301	292	74	6	719	0	0	ALL_EDGES	2	576740
303	183	135	615	423	21	21	FULL	1	247664
350	212	155	0	250	0	0	FULL	4	561918
237	171	236	9	609	31	31	FULL	2	714092
371	188	166	11	664	0	0	FULL	7	155124
315	175	208	839	526	20	21	FULL	1	417397
336	213	147	0	998	0	0	FULL	3	135423
400	332	71	0	520	0	0	FULL	3	417043
204	150	148	4	273	31	29	ALL_EDGES	2	101637
296	195	129	1387	470	0	0	FULL	3	714902
303	240	131	9	539	14	12	FULL	3	474579
267	163	264	0	583	18	22	FULL	1	874822
310	211	183	2400	310	22	24	FULL	1	14433
287	239	139	9	353	0	0	FULL	1	182775
268	166	236	21	499	0	0	FULL	2	38743
244	205	232	11	341	9	9	FULL	3	809465
290	244	92	6	250	20	27	FULL	2	515774
146	123	247	4	813	0	0	FULL	1	551261
274	197	84	697	910	0	0	FULL	2	401501
280	203	166	9	250	0	0	FULL	2	60440
247	198	92	0	548	0	0	FULL	1	502886
276	222	156	9	643	0	0	FULL	1	411532
182	138	178	4	250	0	0	FULL	2	577271
258	177	232	10	250	0	0	FULL	2	68614
269	176	244	11	643	7	9	FULL	1	484160
315	199	184	11	398	29	29	FULL	1	594466
380	262	95	1710	250	0	0	FULL	2	25779
298	205	74	4	428	18	21	FULL	1	199272
349	292	103	21	1179	13	16	ALL_EDGES	1	326745
233	173	187	15	1143	0	0	FULL	2	584303
288	161	184	8	1645	0	0	FULL	2	168714
318	241	124	1187	280	0	0	ALL_EDGES	3	866099
336	279	112	10	683	0	0	FULL	1	413819
330	184	140	8	461	0	0	FULL	1	745519
266	143	145	1677	865	0	0	FULL	2	638133
221	134	221	2496	769	0	0	FULL	5	4485
306	258	152	12	684	15	14	FULL	1	923375
289	199	148	1887	501	33	32	FULL	2	973262
245	141	188	6	250	11	13	ALL_EDGES	1	530105
288	182	218	1518	611	3	7	FULL	1	946597
319	243	148	34	363	0	0	FULL	1	727783
238	198	180	0	416	0	0	FULL	1	636104
381	228	98	8	304	27	33	FULL	1	43775
219	159	301	1449	709	0	0	FULL	2	503854
301	273	140	3875	453	0	0	FULL	1	531292
304	213	147	2289	465	0	0	FULL	4	393475
221	176	295	11	250	39	44	FULL	3	914662
439	238	100	0	1662	0	0	FULL	1	465630
263	223	178	31	386	0	0	FULL	1	110753
261	268	121	8	250	0	0	ALL_EDGES	2	503981
313	248	84	0	289	0	0	FULL	5	25679
326	192	120	637	718	0	0	CORNERS	6	611198
252	141	127	666	321	8	3	FULL	4	482626
304	130	265	1102	729	20	20	ALL_EDGES	2	238562
280	189	161	0	595	20	22	FULL	2	359130
207	173	209	7	1568	19	17	FULL	1	819063
431	279	88	4473	381	20	22	FULL	2	188521
160	114	190	3	250	24	24	FULL	2	111256
280	155	173	2662	1250	18	19	FULL	1	915668
270	236	102	6	312	18	16	FULL	3	330817
159	120	235	4	513	0	0	FULL	3	863993
257	197	168	0	662	0	0	CORNERS	2	496900
278	170	158	2175	495	4	8	FULL	3	817149
282	175	131	1404	320	36	38	ALL_EDGES	4	76612
232	186	196	8	250	0	0	FULL	7	150299
355	234	139	0	427	0	0	FULL	2	906140
407	198	143	11	453	19	22	FULL	1	214541
355	235	114	0	411	0	0	FULL	2	346615
271	200	138	7	657	0	0	FULL	2	252957
257	207	177	28	547	18	20	FULL	3	399336
451	310	104	14	508	37	39	FULL	3	446012
365	259	206	19	665	8	14	ALL_EDGES	1	473710
321	155	252	37	931	0	0	ALL_EDGES	1	612014
431	336	114	16	250	0	0	FULL	1	930866
364	228	151	0	250	0	0	ALL_EDGES	2	688083
339	231	197	15	427	22	31	FULL	4	31544
308	190	230	459	345	9	10	FULL	2	175172
348	221	215	16	601	0	0	FULL	2	608814
377	319	138	0	636	0	0	FULL	4	894766
302	221	276	18	618	0	0	ALL_EDGES	2	509256
299	209	281	35	250	22	22	FULL	1	733176
465	301	118	1353	659	24	23	ALL_EDGES	1	822038
319	170	231	12	666	0	0	FULL	1	406681
275	206	292	16	1633	0	0	FULL	1	520476
278	227	229	14	847	0	0	FULL	5	68775
379	233	220	19	588	0	0	FULL	2	97265
295	280	223	18	671	0	0	FULL	2	947612
289	211	272	0	885	0	0	FULL	1	277538
478	152	213	15	520	0	0	FULL	2	360787
363	186	215	0	748	26	25	FULL	1	498639
253	229	215	12	324	0	0	FULL	3	373729
341	283	150	14	504	17	18	FULL	2	405810
395	316	149	5161	296	17	27	FULL	3	364487
292	249	171	12	1034	10	16	ALL_EDGES	1	385150
315	237	220	16	552	18	15	FULL	2	719165
404	199	193	15	387	0	0	FULL	1	232420
279	191	233	1137	341	0	0	FULL	2	406595
360	181	238	15	484	5	8	FULL	2	318038
323	240	186	14	470	11	13	FULL	2	732669
343	301	151	15	418	9	12	FULL	1	291492
384	231	185	16	399	31	30	FULL	1	118704
362	258	166	0	359	0	0	FULL	1	923982
483	235	137	15	250	0	0	FULL	1	811017
401	325	142	6715	483	0	0	FULL	5	536728
366	210	214	16	867	0	0	FULL	7	186508
359	273	158	2495	1139	29	32	FULL	1	150112
389	244	164	2418	279	10	13	ALL_EDGES	1	632770
359	228	201	16	546	0	0	FULL	2	351831
368	263	160	15	434	21	19	ALL_EDGES	3	107699
410	307	108	850	250	0	0	FULL	1	977277
335	232	186	14	446	0	0	FULL	5	918626
319	249	233	18	1036	0	0	ALL_EDGES	1	221356
358	250	196	1890	497	0	0	FULL	1	631214
303	217	251	33	582	24	25	FULL	3	755777
486	214	150	1860	501	39	39	FULL	1	603573
381	321	143	17	422	22	31	FULL	3	668428
384	213	202	16	250	9	12	FULL	2	350168
319	185	263	1674	250	31	36	FULL	2	429634
457	234	154	16	523	0	0	FULL	4	247831
284	195	262	14	250	0	0	FULL	1	574523
453	220	136	13	1019	0	0	FULL	3	334965
290	216	199	12	471	0	0	FULL	2	32591
395	239	143	13	404	0	0	FULL	1	444127
414	363	123	5957	1160	26	24	FULL	2	92223
441	269	131	15	377	12	19	ALL_EDGES	2	835909
356	244	179	15	873	3	5	FULL	1	642056
275	170	333	0	1499	0	0	FULL	2	13256
407	265	144	0	864	29	27	ALL_EDGES	2	936597
376	306	117	0	463	0	0	FULL	2	529549
354	238	207	17	903	33	34	FULL	5	270820
287	210	258	3611	250	0	0	ALL_EDGES	1	769542
386	290	156	35	1183	0	0	FULL	2	848235
406	198	218	0	400	0	0	FULL	2	356962
314	275	202	17	332	11	7	FULL	1	786101
321	220	235	33	455	0	0	FULL	4	720854
293	202	297	17	560	0	0	FULL	1	453838
346	263	181	16	834	21	21	ALL_EDGES	1	552720
286	203	250	1334	897	0	0	FULL	2	702143
295	190	258	1551	357	0	0	FULL	2	631630
295	164	300	14	493	18	19	FULL	1	423796
468	287	145	19	415	32	33	FULL	5	919790
330	207	183	25	779	0	0	FULL	4	730887
323	195	230	1885	250	0	0	FULL	1	116996
352	238	222	0	375	16	12	ALL_EDGES	1	547349
350	267	145	13	415	0	0	FULL	1	725188
433	358	126	19	250	33	35	FULL	2	850854
380	234	175	31	478	0	0	FULL	4	619448
285	242	225	15	250	24	27	FULL	2	888463
342	224	163	0	316	0	0	FULL	2	372582
362	215	160	12	615	0	0	FULL	1	167927
361	266	161	0	973	12	10	ALL_EDGES	2	349193
374	250	166	15	619	29	31	FULL	2	392695
316	202	211	13	649	18	23	FULL	1	500283
343	293	174	17	655	9	11	FULL	1	138841
374	293	141	2728	1110	0	0	FULL	3	680268
275	202	280	15	379	33	38	FULL	3	988227
261	215	329	6567	250	0	0	FULL	2	505862
275	211	233	1539	356	25	27	ALL_EDGES	2	1918
346	298	150	15	469	19	14	FULL	2	597679
379	207	172	9990	2000	8	5	FULL	4	681366
333	165	227	3100	479	27	30	FULL	1	565305
345	209	256	1091	281	0	0	FULL	2	508659
351	316	149	16	250	0	0	ALL_EDGES	2	323541
323	227	265	19	782	0	0	FULL	1	481035
327	202	280	1332	250	0	0	FULL	4	595862
363	364	141	3052	250	0	0	FULL	4	867141
374	269	164	1485	509	33	32	FULL	1	809544
361	174	198	12	309	0	0	FULL	1	655662
250	210	295	15	1046	0	0	FULL	2	181028
421	271	136	31	339	38	40	FULL	1	176697
438	387	104	2117	250	0	0	FULL	1	882278
402	259	159	16	1771	0	0	FULL	2	746292
273	172	266	12	299	0	0	ALL_EDGES	1	375378
441	276	152	3052	250	0	0	FULL	1	578068
426	219	188	0	254	14	12	FULL	1	782278
378	250	132	0	391	0	0	FULL	1	865375
309	160	252	12	250	0	0	ALL_EDGES	2	442755
367	238	200	0	250	0	0	FULL	1	363359
331	276	137	25	250	0	0	FULL	1	311571
361	275	197	19	250	29	28	FULL	2	464328
257	202	240	12	354	0	0	FULL	2	538339
274	212	250	14	318	31	37	FULL	3	887086
295	192	344	19	468	0	0	FULL	1	639445
377	259	148	14	250	0	0	FULL	7	923215
446	328	133	585	797	0	0	ALL_EDGES	2	727382
423	289	144	35	448	11	9	FULL	1	222502
436	221	140	13	305	0	0	FULL	1	537227
367	256	165	15	445	18	22	FULL	3	982235
249	216	252	13	431	28	35	FULL	2	551001
355	279	156	15	750	14	14	FULL	3	873673
254	198	307	15	638	17	25	FULL	3	504742
240	170	304	0	553	40	46	FULL	1	623445
359	287	159	0	942	32	34	ALL_EDGES	3	644945
394	271	117	0	1097	13	13	FULL	3	712694
345	274	165	46	250	27	33	FULL	3	987999
348	178	201	25	308	0	0	CORNERS	6	19065
263	212	223	12	250	25	26	FULL	2	717350
365	235	157	4306	360	0	0	FULL	1	448241
397	313	100	25	1146	20	25	ALL_EDGES	2	406699
466	320	97	1972	1263	0	0	FULL	3	418594
443	269	130	15	452	30	35	FULL	1	800413
332	179	211	12	712	0	0	FULL	1	469062
437	285	148	18	250	16	18	ALL_EDGES	1	488386
220	152	375	12	711	0	0	FULL	1	547708
516	220	136	1844	383	0	0	FULL	1	8973
357	248	209	18	845	16	21	FULL	1	242932
337	210	178	3475	293	0	0	FULL	2	990915
329	161	349	0	1348	22	22	FULL	1	257296
284	224	315	0	527	26	23	FULL	1	29946
334	251	149	1900	402	18	23	FULL	8	243774
341	285	191	18	625	0	0	FULL	2	349715
305	237	242	0	250	0	0	FULL	2	941075
465	365	103	2152	316	22	29	FULL	2	706927
402	287	125	4408	657	0	0	FULL	1	976282
275	165	343	15	250	23	29	FULL	1	111017
350	273	162	31	664	16	18	FULL	4	745649
434	252	178	3705	250	30	26	FULL	1	139504
438	310	136	0	1233	0	0	FULL	2	142684
377	179	229	15	465	12	8	FULL	2	378958
338	226	164	0	332	0	0	FULL	1	765190
266	188	291	29	250	0	0	FULL	1	848298
338	245	200	16	857	27	26	FULL	1	565326
350	291	172	17	323	0	0	FULL	3	657678
270	179	260	12	250	19	25	FULL	2	375985
362	199	201	29	520	0	0	FULL	2	722911
340	234	252	20	474	12	8	FULL	1	701659
349	199	181	0	593	0	0	FULL	5	768040
443	236	167	1575	590	0	0	FULL	1	794925
285	176	386	6298	554	0	0	FULL	1	662604
329	202	219	14	1407	29	28	ALL_EDGES	1	73427
400	278	157	35	250	0	0	ALL_EDGES	3	722009
362	227	189	15	1222	32	33	FULL	2	557887
363	255	178	1683	250	53	59	FULL	1	153512
326	216	177	812	439	26	28	FULL	4	404213
330	270	162	6235	715	0	6	FULL	1	12154
451	392	113	20	413	21	23	FULL	2	797671
402	275	158	2012	522	0	0	FULL	3	851109
359	231	199	4257	1106	0	0	FULL	3	782431
394	231	215	0	1792	0	0	FULL	1	759464
465	267	133	16	973	0	0	FULL	4	770718
365	221	204	0	312	0	0	FULL	2	711136
238	215	263	13	412	14	17	FULL	3	215944
396	238	197	18	250	0	0	ALL_EDGES	1	248203
299	192	252	1348	509	32	36	FULL	2	187710
327	176	252	14	448	0	0	FULL	1	224078
357	302	116	12	456	13	13	FULL	1	779127
376	267	144	0	713	40	43	FULL	5	123198
350	236	163	0	778	20	21	ALL_EDGES	3	468030
378	293	122	1350	513	19	23	FULL	4	993975
449	190	181	15	250	0	0	FULL	1	353733
415	245	123	2200	917	0	0	ALL_EDGES	2	850693
516	462	77	0	267	9	6	FULL	2	99982
296	250	183	13	651	23	23	ALL_EDGES	1	859538
420	301	131	0	371	0	0	FULL	2	528218
287	236	199	2848	1109	23	26	FULL	1	332556
304	257	199	0	363	18	18	FULL	1	316750
344	234	192	31	874	0	0	FULL	1	96967
418	252	190	20	250	0	0	FULL	1	571783
486	359	89	15	593	0	0	FULL	3	810036
437	164	202	29	674	21	26	FULL	1	94123
443	283	147	0	418	17	19	FULL	3	675944
283	239	184	0	542	0	0	FULL	2	589290
382	284	143	15	403	0	0	ALL_EDGES	2	101017
439	264	116	3523	1062	18	21	FULL	1	575076
375	205	162	1750	250	34	35	FULL	1	110533
314	167	353	1961	1432	0	0	FULL	1	438241
271	210	273	0	486	30	33	FULL	1	400455
322	295	131	0	910	19	23	FULL	3	755739
304	178	249	13	556	26	30	FULL	2	96542
310	192	209	4275	526	32	33	FULL	1	821008
375	216	155	0	630	19	19	FULL	1	678097
426	172	225	0	659	17	20	FULL	1	365707
508	303	120	0	1089	0	0	FULL	1	347969
349	265	156	14	250	0	0	FULL	6	674917
320	223	175	3150	250	32	33	FULL	2	901613
435	279	128	15	715	0	0	FULL	2	997036
270	204	262	14	764	0	0	FULL	2	305960
420	221	135	0	397	15	20	ALL_EDGES	1	285827
351	251	176	0	451	10	13	FULL	1	363209
457	263	162	19	250	0	0	FULL	5	863837
388	228	164	0	858	35	42	FULL	4	764372
448	263	158	10323	1613	0	0	ALL_EDGES	2	684798
283	210	228	0	851	0	0	FULL	1	52235
291	226	297	19	1298	12	13	FULL	2	408558
308	257	158	12	250	46	49	ALL_EDGES	1	510884
370	158	299	682	459	0	0	FULL	5	630832
343	250	146	12	605	24	20	FULL	2	2962
386	205	196	15	464	19	21	FULL	1	352111
342	375	144	3644	1016	29	28	FULL	3	412593
313	268	173	14	621	32	42	FULL	2	477569
372	256	152	1160	503	0	0	FULL	2	602652
311	216	231	15	700	8	8	FULL	1	407666
370	240	186	0	567	17	15	FULL	1	403030
341	189	194	875	678	0	0	ALL_EDGES	2	996020
292	218	244	15	263	24	23	FULL	4	987965
290	209	222	13	1556	0	0	FULL	2	243329
370	296	123	2538	1026	10	15	FULL	2	118999
379	268	182	0	379	36	37	FULL	3	302948
342	213	199	0	250	20	26	FULL	2	132324
291	257	166	1175	841	0	0	FULL	1	195677
287	197	239	13	666	0	0	FULL	3	987957
389	335	134	0	1063	13	17	FULL	3	84477
506	332	116	4738	473	0	0	ALL_EDGES	2	618775
265	213	311	3902	451	0	0	FULL	1	958520
371	239	163	2088	838	0	0	FULL	5	83183
364	244	152	3267	340	25	23	FULL	2	874822
389	296	135	2898	631	0	0	FULL	1	599132
408	256	187	3451	787	0	0	ALL_EDGES	2	331678
334	269	151	13	580	0	0	FULL	2	672861
322	180	251	14	346	0	0	FULL	2	91367
378	279	157	4422	1744	0	0	FULL	1	433472
338	238	205	33	402	0	0	ALL_EDGES	4	736527
384	288	141	31	1412	0	0	FULL	2	701317
261	173	277	0	999	23	23	FULL	2	315356
303	233	206	2755	372	0	0	FULL	1	147345
292	231	244	16	902	0	0	FULL	2	484903
471	382	86	15	250	25	22	FULL	2	182919
348	237	188	15	874	0	0	FULL	1	906428
322	243	211	33	250	0	0	FULL	4	602663
300	216	209	0	1192	12	12	FULL	7	336858
314	230	173	12	440	18	21	FULL	1	439187
343	237	154	25	330	21	26	FULL	8	678281
331	219	200	14	250	24	21	FULL	4	275403
372	268	166	2013	474	20	17	FULL	1	534150
382	274	148	1178	418	0	0	FULL	3	458198
375	250	176	1963	382	0	0	ALL_EDGES	1	753139
342	269	157	14	462	18	19	FULL	4	900441
365	237	168	0	376	8	5	FULL	1	425899
422	323	114	1813	250	0	0	ALL_EDGES	2	133328
393	241	163	31	362	0	0	FULL	1	946310
384	228	143	25	250	0	0	FULL	3	639504
422	203	158	13	1316	0	0	FULL	3	953754
337	196	205	13	1030	0	0	FULL	6	876627
337	249	173	14	762	0	0	FULL	3	177185
361	273	147	1450	774	13	15	FULL	1	664283
344	131	321	14	359	0	0	FULL	1	805545
388	245	195	0	530	0	0	ALL_EDGES	2	78933
389	244	153	0	250	0	0	FULL	1	21209
363	269	199	19	250	43	44	FULL	1	735563
348	242	160	27	737	0	0	FULL	3	105169
385	271	138	2363	409	0	0	FULL	2	212431
293	187	319	17	846	0	0	FULL	2	525700
311	214	249	16	250	0	0	FULL	1	151225
339	293	156	15	833	0	0	FULL	1	925626
458	335	101	31	582	32	30	FULL	1	544961
227	211	260	0	277	0	0	FULL	1	873963
393	251	127	1650	1289	0	0	ALL_EDGES	1	782918
393	246	181	1417	889	22	20	ALL_EDGES	1	302858
277	252	179	12	510	18	24	FULL	1	524207
452	271	142	3832	250	30	33	FULL	3	333696
422	225	163	15	709	0	0	FULL	2	254127
251	207	242	0	250	0	0	FULL	3	704090
367	288	147	15	250	0	0	FULL	3	190307
317	230	185	13	620	32	34	FULL	2	388515
437	353	100	15	794	18	22	FULL	2	352659
403	276	166	18	755	17	22	ALL_EDGES	1	986836
413	304	131	16	312	27	34	FULL	1	83888
340	252	146	25	250	0	0	FULL	3	575662
274	234	274	17	399	0	0	CORNERS	2	477327
269	189	266	1107	775	0	0	FULL	4	146095
429	228	158	15	357	20	25	FULL	4	425748
395	290	127	0	646	10	17	FULL	1	326665
266	175	268	12	250	0	0	FULL	1	417315
416	333	141	0	725	12	8	FULL	2	129814
351	165	286	1105	459	0	0	FULL	5	268437
363	284	160	16	415	0	0	FULL	2	257644
488	287	103	3509	250	18	18	FULL	1	946080
380	300	154	17	292	0	0	ALL_EDGES	1	186005
364	283	141	2813	991	8	8	FULL	3	212466
515	210	180	19	507	0	0	FULL	2	148926
350	193	200	13	379	18	12	FULL	2	339285
297	198	212	0	992	19	21	FULL	12	536603
314	268	231	19	659	0	0	FULL	4	451059
376	344	120	15	1456	0	0	FULL	2	911851
436	256	139	15	1531	0	0	FULL	2	692451
480	275	117	0	380	0	0	FULL	1	371951
296	212	262	16	1007	18	20	FULL	1	113850
384	301	126	14	250	14	21	ALL_EDGES	2	876886
334	192	195	12	575	0	0	FULL	6	958808
367	263	182	3430	250	0	0	FULL	1	226191
338	259	143	12	858	0	0	ALL_EDGES	8	879291
375	279	129	0	535	10	6	FULL	2	67676
403	289	133	15	250	0	0	FULL	2	885919
309	207	243	5347	330	0	0	FULL	1	799035
377	310	159	2627	541	0	0	FULL	2	938491
278	226	294	4347	747	0	0	FULL	2	689737
349	237	211	35	318	0	0	FULL	1	207057
395	257	133	13	1513	19	20	FULL	5	872014
394	238	154	14	309	0	0	FULL	2	239015
397	314	124	2743	960	0	0	ALL_EDGES	3	715613
315	252	195	3007	558	0	0	FULL	4	998767
350	269	175	0	490	0	0	FULL	1	212411
282	176	291	5582	250	0	0	FULL	1	19707
342	259	163	14	594	0	0	FULL	1	408692
502	367	100	2516	790	16	21	FULL	2	703834
288	178	341	17	818	41	42	ALL_EDGES	3	294908
416	311	112	0	730	0	0	FULL	3	469530
381	198	191	14	250	13	17	FULL	3	805207
345	291	174	17	451	0	0	FULL	2	334558
327	229	233	17	362	0	0	FULL	4	801931
309	272	196	0	250	0	0	FULL	1	236934
381	270	132	3901	250	0	0	FULL	2	679207
333	227	205	15	393	37	36	FULL	1	460090
402	174	250	35	626	18	19	FULL	2	493943
378	285	135	4031	477	0	0	FULL	3	159474
385	340	126	16	250	11	14	FULL	1	185710
322	246	208	33	264	18	21	FULL	2	168727
288	165	305	1885	372	0	0	FULL	1	374633
292	172	268	13	250	0	0	FULL	3	260635
344	198	184	12	373	0	0	FULL	1	136210
298	215	196	0	722	0	0	FULL	1	586866
331	193	242	0	1212	0	0	FULL	1	198044
467	243	137	31	482	0	0	FULL	4	913555
418	243	133	13	250	0	0	FULL	2	584069
381	259	137	13	250	31	30	FULL	1	471855
313	197	220	13	712	15	19	FULL	1	382678
372	322	138	0	345	0	0	FULL	2	861680
390	228	197	17	250	24	22	ALL_EDGES	2	881442
377	258	159	1348	1249	19	19	FULL	1	13002
339	297	194	39	250	16	16	FULL	1	675699
232	182	319	13	1046	0	0	FULL	5	742619
245	226	282	0	531	13	15	FULL	6	20232
316	235	208	3007	310	0	0	FULL	2	989643
298	239	279	20	250	15	14	FULL	15	259364
391	259	173	17	595	24	25	FULL	2	43008
275	252	210	0	250	0	0	FULL	4	133492
336	244	152	2475	532	0	0	FULL	3	895821
331	139	358	2970	1040	19	21	FULL	2	103007
372	242	173	8618	1080	5	3	FULL	1	317400
342	259	209	2534	496	0	0	FULL	4	3547
418	209	166	2639	628	0	0	FULL	2	941660
415	254	147	15	361	0	0	FULL	2	673151
280	236	220	14	406	0	0	FULL	1	766861
341	253	146	0	385	29	28	FULL	1	523674
354	183	256	16	870	0	0	FULL	2	895088
397	248	137	337	1048	7	9	FULL	3	585345
258	197	245	3337	542	0	0	FULL	4	80587
384	269	121	12	437	26	31	FULL	3	387615
396	256	162	16	349	0	0	FULL	2	348172
395	295	141	16	391	0	0	FULL	3	831019
422	318	146	0	453	39	42	ALL_EDGES	3	640630
255	201	362	18	1704	6	11	FULL	2	27392
436	355	113	17	250	0	0	FULL	5	116467
408	230	155	4683	348	10	13	FULL	7	616269
526	354	105	8658	1433	17	14	FULL	3	288947
357	241	169	14	539	17	18	FULL	1	719250
357	168	258	0	250	0	0	FULL	3	554771
460	225	179	4366	250	0	0	FULL	1	698327
277	219	222	1849	373	0	0	FULL	2	354491
234	163	408	6308	489	21	24	FULL	1	936782
349	235	164	0	407	0	0	FULL	4	475717
317	244	175	13	250	0	0	FULL	2	119159
249	221	281	15	590	0	0	FULL	1	837256
407	300	143	2310	406	25	31	FULL	1	538910
339	266	183	3432	250	0	0	FULL	2	90502
457	225	179	37	526	0	0	FULL	3	662152
414	270	156	17	250	0	0	ALL_EDGES	2	854430
379	302	170	19	496	28	29	FULL	1	327754
403	243	159	15	783	0	0	FULL	2	47621
439	257	137	15	945	0	0	FULL	1	857056
340	254	226	19	250	0	0	FULL	5	227038
319	275	142	12	403	27	31	FULL	3	211785
226	187	346	14	250	0	0	FULL	1	509839
367	289	128	1930	321	0	0	FULL	1	862040
380	258	158	1100	625	0	0	FULL	2	667877
407	194	247	5167	938	4	9	ALL_EDGES	1	656676
399	332	148	0	250	19	16	FULL	3	814221
423	343	107	0	250	0	0	FULL	2	513675
421	210	210	0	855	0	0	FULL	1	120219
255	180	423	19	250	26	29	FULL	1	663753
321	147	287	1809	611	32	38	FULL	2	913575
364	245	151	13	302	0	0	ALL_EDGES	3	842278
341	228	251	682	534	30	28	FULL	1	91846
283	203	269	1441	654	15	16	FULL	2	903258
355	251	140	12	1282	0	0	FULL	1	124121
353	283	175	0	516	16	20	FULL	5	257652
357	177	276	17	250	0	0	FULL	2	812522
383	281	154	0	250	0	0	FULL	3	659609
344	263	182	0	250	20	20	FULL	6	357518
329	252	163	0	622	30	37	ALL_EDGES	4	980258
349	210	266	19	734	0	0	FULL	1	594635
282	190	290	15	554	21	21	ALL_EDGES	2	653791
468	250	158	6789	250	0	0	FULL	2	468413
347	252	188	3778	250	0	0	FULL	1	390263
252	164	375	1255	464	0	0	FULL	1	968082
454	214	201	0	250	14	13	ALL_EDGES	1	614052
334	253	159	13	282	0	0	ALL_EDGES	1	998690
408	333	136	2201	960	0	0	FULL	3	815084
407	286	125	0	424	0	0	ALL_EDGES	4	241014
343	251	145	25	1072	0	0	ALL_EDGES	7	270861
258	181	269	1187	524	0	0	FULL	1	55775
326	296	181	4550	250	19	19	FULL	2	319640
505	346	95	16	571	31	26	FULL	1	23836
294	194	274	15	250	0	0	FULL	1	135887
296	221	238	15	339	16	16	FULL	1	843406
300	251	205	15	359	0	0	FULL	3	902622
345	231	195	2976	577	0	0	FULL	4	932466
330	226	168	575	513	0	0	FULL	3	266446
436	280	160	1638	665	0	0	FULL	3	934964
357	315	111	25	501	7	5	FULL	2	633495
369	275	143	0	503	12	16	FULL	1	254645
247	163	360	14	340	13	8	FULL	1	469941
326	215	220	0	426	0	0	FULL	6	966833
304	211	304	19	250	30	27	FULL	1	150160
318	204	240	2154	332	0	0	FULL	8	459921
367	288	137	4596	953	0	0	FULL	3	812781
330	302	186	18	306	12	17	FULL	2	721135
335	241	277	2677	614	31	36	FULL	3	943389
408	300	192	0	458	0	0	FULL	2	671549
283	220	329	20	250	0	0	ALL_EDGES	3	993670
445	343	193	29	411	0	0	FULL	3	61933
518	283	154	22	807	0	0	FULL	1	484026
410	264	254	0	704	16	16	FULL	2	251093
332	219	433	63	1116	26	28	FULL	3	235267
412	359	173	51	676	0	0	FULL	2	966872
595	477	90	5329	704	0	0	FULL	2	642007
391	270	298	31	590	0	0	FULL	1	531539
448	319	178	25	425	16	18	FULL	1	938267
473	336	186	2566	595	0	0	ALL_EDGES	1	599662
440	345	168	25	438	0	0	ALL_EDGES	2	619304
375	258	242	23	817	0	0	FULL	3	297385
