204	147	116	3	476	0	0	FULL	5	516452
216	187	283	0	394	0	0	FULL	2	766017
319	194	138	8	536	21	23	ALL_EDGES	2	387902
226	195	125	0	604	19	21	FULL	2	830488
335	192	148	1273	503	23	23	FULL	5	706189
330	235	123	19	675	12	11	FULL	1	923630
357	250	129	2035	689	30	31	FULL	1	454348
227	166	225	8	250	0	0	FULL	4	390011
204	177	153	0	393	12	14	FULL	2	391406
359	311	108	2340	922	25	31	FULL	1	772811
293	231	125	1904	319	34	35	ALL_EDGES	5	196138
246	201	152	0	250	11	12	FULL	1	58704
325	194	182	23	333	0	0	FULL	1	995542
324	205	129	8	285	0	0	FULL	2	16755
308	257	95	7	1000	26	26	ALL_EDGES	1	582582
280	200	170	9	489	0	0	ALL_EDGES	2	403326
281	220	186	11	799	31	36	ALL_EDGES	10	580660
262	182	137	884	1042	20	25	FULL	1	27087
232	200	162	7	695	0	0	FULL	2	758483
283	254	160	0	250	0	0	FULL	1	771520
233	141	318	10	455	0	0	FULL	6	377034
453	330	57	8	313	10	13	FULL	3	785983
194	136	171	4	306	26	31	FULL	4	686580
262	151	165	1293	250	26	27	FULL	4	831600
287	177	206	21	1416	21	24	FULL	3	510957
228	149	220	15	826	0	0	FULL	4	714148
353	171	140	0	573	0	0	FULL	1	303530
297	288	122	2488	644	0	0	FULL	1	557519
304	228	152	0	485	36	35	FULL	1	93197
245	175	105	157	563	16	17	FULL	4	129274
260	183	201	9	464	15	20	FULL	1	707908
337	225	112	0	538	14	17	FULL	2	856620
208	177	205	7	374	0	0	FULL	3	68038
336	214	90	0	831	0	0	FULL	2	134928
362	226	129	10	469	1	1	FULL	1	574139
361	189	175	2280	296	19	23	FULL	4	95499
215	172	122	9	250	0	0	FULL	3	704372
290	211	139	2133	599	8	10	FULL	2	133966
220	128	159	1503	474	15	20	FULL	5	628421
312	157	235	943	459	0	0	FULL	3	985708
278	218	158	9	250	0	0	FULL	1	951140
347	207	168	396	511	17	16	FULL	4	971063
419	225	122	0	250	17	18	ALL_EDGES	2	2127
284	233	68	877	320	32	31	FULL	1	454333
330	247	140	1403	458	0	0	FULL	2	691627
406	279	84	0	334	30	37	FULL	5	161572
240	191	142	689	355	0	0	FULL	2	677167
302	220	158	10	1555	29	33	FULL	2	326569
335	285	121	0	431	25	30	FULL	3	629225
286	218	153	1330	712	0	0	FULL	5	169772
317	193	187	11	692	0	0	FULL	2	424030
364	223	105	1062	392	0	0	FULL	2	494807
248	199	232	11	250	18	24	FULL	5	250911
326	304	116	0	442	0	0	FULL	2	847807
269	164	169	1125	250	19	27	FULL	2	424505
296	262	97	1372	642	0	0	FULL	1	972418
293	227	173	11	447	9	13	FULL	4	265331
311	137	128	0	739	0	0	FULL	1	10302
360	317	101	11	732	0	0	FULL	1	386636
281	248	137	522	795	0	0	FULL	2	428850
336	206	153	2814	796	0	0	FULL	2	967215
202	168	133	202	835	0	0	FULL	1	443859
302	232	122	17	250	0	0	FULL	3	652577
303	155	223	4105	473	30	36	FULL	3	474095
278	163	144	0	329	21	20	FULL	2	193510
408	282	100	0	643	0	0	FULL	3	358522
224	202	165	2385	503	0	0	ALL_EDGES	1	705796
254	167	106	0	766	0	0	FULL	3	935011
267	159	177	772	1233	12	12	FULL	1	484127
419	221	125	11	481	0	0	ALL_EDGES	11	483722
221	126	162	1683	250	0	0	FULL	1	520085
308	197	140	1079	250	11	10	FULL	2	82726
321	212	125	8	283	16	18	FULL	2	265391
327	254	102	8	877	0	0	FULL	1	473605
311	242	159	732	250	0	0	FULL	1	305114
241	160	272	1806	711	14	13	FULL	3	151714
236	156	150	5	596	0	0	FULL	4	658496
291	124	236	1198	767	0	0	FULL	2	418666
241	167	210	748	679	0	0	ALL_EDGES	3	300123
269	189	147	22	250	0	0	FULL	5	493931
467	343	59	0	610	22	20	FULL	6	204517
338	189	165	1795	250	0	0	FULL	1	565898
248	171	107	0	321	0	0	FULL	2	668468
295	187	136	7	1558	0	0	FULL	1	868278
408	248	114	1345	341	0	0	FULL	1	206483
255	193	131	13	383	0	0	FULL	1	268543
219	147	232	1920	250	5	6	FULL	2	261472
368	270	65	6	276	0	0	FULL	1	316946
190	125	188	0	676	0	0	FULL	2	709304
217	153	165	0	1202	0	0	FULL	1	481510
195	105	269	11	797	25	30	FULL	1	33995
229	166	198	810	1695	0	0	FULL	1	105359
288	177	147	1275	315	16	14	FULL	1	496291
357	306	105	3519	386	5	4	FULL	2	344093
289	145	226	9	425	0	0	FULL	2	957527
321	162	144	7	409	23	25	ALL_EDGES	2	967733
203	176	126	256	537	25	31	ALL_EDGES	3	338416
303	209	134	1105	673	11	15	FULL	2	371072
273	198	212	11	823	24	27	FULL	4	327073
297	201	143	8	250	21	24	FULL	4	985654
274	214	178	21	283	0	0	FULL	1	767869
390	238	113	10	362	0	0	FULL	1	248704
308	175	158	8	584	0	0	FULL	2	996140
315	212	172	23	386	0	0	FULL	1	96901
319	142	209	19	468	0	0	ALL_EDGES	1	362255
182	151	163	9	327	0	0	ALL_EDGES	2	369336
296	192	166	351	783	15	11	FULL	2	988350
282	212	177	10	1211	0	0	FULL	7	517214
257	144	202	2055	462	20	21	FULL	7	128839
251	210	180	2042	743	23	28	FULL	3	631614
304	214	146	2061	518	0	0	ALL_EDGES	1	730215
256	173	102	279	348	9	14	FULL	2	166610
233	135	143	4	728	0	0	FULL	4	301675
340	274	91	8	418	0	0	ALL_EDGES	4	435290
297	209	153	3657	1205	12	15	ALL_EDGES	5	206016
255	204	126	6	1043	6	6	FULL	3	483128
251	192	240	3737	536	36	35	FULL	1	937443
311	257	94	2220	250	0	0	FULL	1	899520
241	183	192	858	1007	16	17	FULL	1	692514
240	128	180	1375	503	0	0	FULL	1	680260
336	208	64	4	546	20	22	FULL	1	65792
301	160	115	671	401	0	0	FULL	1	95496
267	122	291	19	464	0	0	FULL	2	938962
235	163	222	8	332	21	25	FULL	2	278492
273	182	70	3	1029	0	0	FULL	2	234977
288	192	172	0	699	17	24	ALL_EDGES	1	127323
258	185	94	4	387	0	0	FULL	3	438477
234	187	195	170	250	0	0	FULL	1	136816
334	284	122	1920	324	17	19	FULL	1	123510
303	164	150	0	702	16	19	FULL	2	393127
215	150	264	8	320	0	0	FULL	1	172158
261	201	181	0	1030	0	0	FULL	4	58680
216	145	145	4	289	20	20	FULL	4	478677
236	155	231	2133	319	0	0	FULL	2	464819
321	247	146	11	363	23	22	FULL	5	831272
195	170	256	17	703	0	0	FULL	3	734809
401	174	222	4805	1409	17	19	ALL_EDGES	3	850964
389	327	146	3367	250	8	11	FULL	3	130779
264	212	259	638	611	0	0	FULL	1	433203
338	277	176	0	1218	27	27	FULL	2	948136
456	292	109	14	250	0	0	ALL_EDGES	2	246887
295	206	306	37	434	0	0	FULL	2	977287
418	269	111	0	293	0	0	FULL	2	436159
272	199	268	5118	477	0	0	FULL	3	488716
418	334	118	16	250	13	14	ALL_EDGES	2	229635
275	217	226	13	355	16	10	FULL	1	817209
274	164	279	25	442	31	33	FULL	1	548314
356	190	186	12	763	3	4	ALL_EDGES	1	71033
449	283	106	13	369	0	0	FULL	2	741417
342	210	215	15	593	23	22	FULL	6	538084
395	299	140	3580	785	0	0	FULL	3	925324
408	250	152	2077	462	0	0	ALL_EDGES	1	722268
373	253	164	4417	1012	14	17	FULL	2	223024
351	248	189	33	250	0	0	FULL	3	573981
380	319	136	0	335	0	0	FULL	2	522298
360	186	202	0	925	2	3	FULL	3	555217
285	199	221	0	379	21	23	FULL	2	186237
304	286	143	12	436	31	29	FULL	1	584899
280	219	236	0	412	29	33	FULL	1	687274
293	217	245	31	250	0	0	FULL	3	701153
282	189	292	15	379	0	0	FULL	2	15804
406	314	121	0	743	0	0	FULL	1	38152
349	279	139	13	363	0	0	FULL	6	489688
431	276	105	12	250	30	26	ALL_EDGES	1	481486
343	295	154	2635	250	27	31	FULL	4	777076
249	242	322	19	1107	0	0	FULL	1	404098
446	263	124	1334	325	0	0	ALL_EDGES	1	648980
406	297	165	0	250	0	0	FULL	4	803777
461	342	79	12	250	0	0	FULL	2	135559
388	342	124	16	250	15	20	FULL	1	54403
259	177	318	0	1515	0	0	FULL	6	838626
344	203	221	15	529	30	33	FULL	3	86542
341	214	226	3481	463	22	26	FULL	3	194692
405	263	146	15	667	0	0	FULL	1	448661
319	180	217	0	855	0	0	ALL_EDGES	2	309424
382	216	201	0	818	0	0	FULL	7	329792
379	243	201	18	250	0	0	FULL	1	438539
355	188	278	18	619	0	0	FULL	1	459470
364	321	168	2788	751	11	15	FULL	2	849683
325	186	272	33	543	0	0	FULL	1	578374
377	273	180	0	664	0	0	FULL	5	999805
375	284	118	12	697	5	8	FULL	2	375082
271	211	217	0	250	28	35	FULL	2	919254
344	295	153	31	250	0	0	FULL	1	266707
431	369	117	0	557	13	14	FULL	4	283983
397	343	106	0	367	0	0	FULL	3	96554
306	195	334	20	295	15	15	FULL	2	878323
326	244	195	15	465	0	0	FULL	2	555271
299	203	254	15	250	37	32	ALL_EDGES	3	275129
344	251	180	0	462	4	1	FULL	1	786719
437	306	116	31	250	38	42	FULL	2	967537
277	167	335	15	675	0	0	FULL	1	578814
387	336	127	1534	631	20	23	FULL	2	278918
257	194	310	46	537	0	0	FULL	1	523480
275	193	234	0	250	0	0	FULL	3	442091
401	265	184	2535	555	0	0	FULL	2	404268
407	221	205	2127	987	32	38	FULL	2	993976
364	259	143	13	602	10	9	FULL	1	388528
428	314	93	4500	250	0	0	FULL	2	255396
394	344	129	17	467	0	0	FULL	2	871125
323	233	166	12	473	4	1	FULL	2	745337
277	232	255	16	741	10	8	FULL	1	729095
377	293	168	0	846	0	0	FULL	3	865988
339	263	173	15	838	23	23	FULL	2	606431
352	255	139	1212	250	14	16	FULL	5	330579
325	236	163	1937	560	22	25	FULL	2	240900
441	236	168	0	463	0	0	FULL	4	528443
