156	139	207	0	611	0	0	FULL	2	725917
370	136	169	8	494	26	24	FULL	1	502410
322	188	191	11	452	0	0	FULL	4	325426
339	217	129	807	506	21	24	FULL	1	591455
257	154	189	7	250	13	15	FULL	1	1601
255	125	266	2286	297	25	20	ALL_EDGES	2	402714
360	205	156	0	537	19	21	FULL	1	366048
323	238	110	8	250	11	11	FULL	2	440734
322	194	120	7	570	32	28	FULL	1	760086
280	198	153	8	546	44	49	FULL	2	611526
225	170	196	0	789	0	0	FULL	1	740770
378	205	149	0	323	0	0	FULL	1	361046
397	258	112	0	591	0	0	FULL	1	778423
340	233	70	1001	250	0	0	FULL	2	289780
290	183	159	1912	250	20	24	FULL	1	946194
464	222	83	8	852	0	0	FULL	2	89490
247	192	200	0	250	26	33	FULL	2	905923
249	198	173	0	407	16	16	FULL	1	926418
274	195	103	5	416	0	0	FULL	1	555860
301	174	104	726	446	0	0	FULL	3	765409
405	192	135	10	337	27	25	ALL_EDGES	1	636139
300	243	75	5	250	13	15	FULL	1	704828
327	213	122	17	493	11	9	ALL_EDGES	1	649504
316	256	142	736	250	0	0	ALL_EDGES	2	471173
204	152	243	847	657	5	4	FULL	1	870034
366	205	126	9	395	0	0	FULL	1	407289
271	140	196	15	250	32	43	FULL	1	724774
250	195	154	1192	250	0	0	ALL_EDGES	3	1413
225	161	235	0	1469	10	10	FULL	1	791363
346	212	156	586	250	0	0	FULL	3	797533
256	178	187	8	302	16	18	FULL	2	695278
258	154	213	17	250	0	0	ALL_EDGES	2	976897
260	152	290	11	250	16	11	FULL	1	127202
293	218	117	7	250	0	0	FULL	3	167180
275	189	163	3204	820	16	17	FULL	4	741136
254	164	132	775	391	5	8	FULL	1	860111
228	129	152	4	748	0	0	ALL_EDGES	3	313363
306	170	222	2357	250	0	0	FULL	7	466874
308	178	155	595	1175	0	0	FULL	5	282427
312	235	164	5832	1463	21	26	ALL_EDGES	2	74142
227	157	239	8	428	15	16	FULL	1	883454
256	195	189	3562	563	0	0	FULL	1	716701
245	207	168	8	250	17	19	FULL	1	641588
350	265	124	3404	772	0	0	FULL	2	522838
219	171	226	2643	293	8	7	FULL	1	871618
314	229	118	17	1238	0	0	FULL	1	507237
185	167	147	0	362	27	22	FULL	1	464091
334	235	146	3220	407	0	0	FULL	1	358076
340	270	126	0	1154	0	0	FULL	2	655184
276	206	167	0	347	0	0	FULL	4	491659
243	195	95	274	285	15	12	FULL	1	721905
439	228	105	21	308	0	0	FULL	2	297879
280	192	139	15	1333	25	21	FULL	4	762449
333	253	124	10	1314	43	44	FULL	1	441196
281	183	205	0	468	0	0	FULL	1	695125
309	217	171	11	533	18	18	FULL	2	239763
260	247	163	0	646	29	28	FULL	2	938766
210	173	151	5	250	0	0	FULL	1	830830
253	207	219	3024	616	30	35	ALL_EDGES	2	97257
249	177	217	2052	1196	23	27	FULL	1	890907
235	171	112	4	637	0	0	FULL	1	880020
326	206	112	7	863	0	0	FULL	1	359367
281	190	198	10	554	0	0	FULL	7	147597
333	302	85	8	569	19	20	FULL	3	210480
412	336	83	11	1137	0	0	FULL	3	307143
231	152	213	0	504	0	0	ALL_EDGES	2	903073
307	152	181	2439	587	12	14	FULL	3	783783
263	198	221	34	996	19	18	FULL	2	472689
328	201	129	17	1016	0	0	FULL	1	520216
309	259	119	9	1071	10	14	FULL	2	413203
214	161	249	144	250	0	0	FULL	1	254387
302	169	205	10	616	0	0	FULL	1	513293
243	204	212	10	322	0	0	ALL_EDGES	1	752861
288	180	222	11	754	0	0	FULL	1	997531
264	165	194	425	1044	0	0	FULL	1	904069
256	209	214	4186	550	0	0	FULL	5	357865
260	187	134	6	250	0	0	FULL	1	385734
312	195	190	0	570	0	0	ALL_EDGES	3	529717
291	247	118	3757	1318	0	0	FULL	3	773271
314	229	159	23	575	0	0	FULL	1	485958
300	206	187	0	1692	0	0	FULL	3	491640
329	208	125	8	558	0	0	FULL	1	435649
213	139	185	5	418	12	10	FULL	5	69216
363	305	77	8	250	20	21	FULL	2	785393
486	169	140	0	1419	7	8	FULL	2	3193
334	208	165	908	340	27	29	FULL	1	288330
378	213	143	0	650	12	15	FULL	1	919020
315	237	100	15	460	0	0	FULL	1	456614
239	171	209	8	250	0	0	FULL	1	356654
290	165	252	12	452	15	18	FULL	2	854396
332	269	84	15	353	0	0	FULL	1	532579
341	248	89	7	341	15	17	ALL_EDGES	2	694523
304	239	165	12	759	0	0	FULL	3	455372
394	247	87	620	361	15	13	FULL	1	919235
302	224	67	4	502	0	0	FULL	3	488320
245	129	142	4	250	4	4	FULL	1	692579
357	203	166	12	763	0	0	FULL	1	680250
227	176	163	832	250	0	0	FULL	1	578618
230	188	104	4	1112	0	0	FULL	1	384408
371	213	145	0	560	0	0	FULL	3	542657
312	276	121	10	250	0	0	FULL	3	504609
240	146	158	913	394	0	0	FULL	7	180881
352	200	120	8	250	0	0	FULL	2	210928
392	277	106	11	281	28	30	FULL	1	140723
366	263	120	0	250	25	32	FULL	1	68812
320	261	125	0	488	0	0	FULL	1	793162
326	255	103	8	714	0	0	FULL	1	408707
211	146	212	13	1356	6	6	ALL_EDGES	1	793924
323	247	145	11	800	26	31	FULL	3	530985
332	194	163	10	1493	14	13	ALL_EDGES	3	135669
307	205	135	8	420	0	0	ALL_EDGES	1	539366
221	112	140	1116	481	0	0	FULL	5	901530
241	200	157	15	268	6	11	FULL	2	285374
258	193	151	7	738	0	0	FULL	2	731399
392	233	115	0	252	0	0	ALL_EDGES	2	282024
209	158	166	1496	821	0	0	FULL	2	908459
319	183	162	0	515	0	0	FULL	1	577587
308	189	129	1597	1628	0	0	FULL	2	680840
420	219	92	8	250	0	0	FULL	3	299170
253	214	195	850	427	0	0	FULL	2	667977
276	226	72	567	288	12	11	FULL	1	310722
321	246	95	7	327	0	0	FULL	7	238358
287	208	143	850	648	31	32	FULL	2	251181
212	158	223	7	383	35	35	FULL	2	919267
288	214	137	8	394	0	0	FULL	6	364669
272	210	97	5	290	14	16	FULL	1	236850
234	124	154	621	474	17	16	FULL	1	379431
304	228	109	15	512	20	22	FULL	4	612350
249	185	98	0	537	0	0	FULL	2	175981
253	152	221	8	1407	0	0	FULL	1	684681
286	197	169	0	544	0	0	FULL	1	84803
327	205	97	0	525	35	36	FULL	3	703380
273	186	225	0	888	0	0	FULL	3	489180
336	276	113	1501	478	10	5	FULL	2	11206
265	160	248	0	722	0	0	ALL_EDGES	1	625233
300	199	142	2575	250	14	13	ALL_EDGES	3	853340
247	157	192	0	300	0	0	FULL	2	84110
370	247	104	9	250	40	38	FULL	3	242893
365	177	148	0	598	20	25	FULL	2	466934
296	202	125	7	405	23	24	ALL_EDGES	1	651654
234	223	67	0	336	4	5	ALL_EDGES	2	443118
207	166	246	8	1261	0	0	FULL	3	198806
439	363	72	0	377	0	0	FULL	1	667450
230	196	122	5	367	0	0	FULL	2	637229
255	150	170	6	642	0	0	FULL	2	361458
268	201	138	0	396	18	17	FULL	1	259690
203	138	195	5	1427	19	18	FULL	1	617436
356	250	118	10	452	23	20	FULL	1	462815
253	157	188	1245	523	26	25	FULL	2	374318
362	239	122	0	738	24	26	ALL_EDGES	6	968832
271	180	112	5	795	0	0	FULL	1	789210
324	152	91	9	1391	19	21	FULL	1	20525
366	227	138	11	312	0	0	ALL_EDGES	2	82519
220	135	252	15	308	0	0	FULL	2	855743
293	167	132	6	250	0	0	FULL	1	516314
283	121	278	2793	483	0	0	ALL_EDGES	2	18851
206	156	139	981	250	0	0	FULL	1	300866
296	170	130	1085	630	0	0	ALL_EDGES	1	948736
274	167	120	863	250	0	0	FULL	1	560000
269	160	174	7	630	20	21	FULL	2	769849
352	227	144	0	1251	0	0	FULL	1	237648
299	238	161	23	835	29	28	FULL	1	673124
241	192	184	0	882	25	26	FULL	1	125210
218	135	153	4	563	0	0	FULL	2	19767
303	248	126	1957	554	0	0	FULL	1	599617
245	151	232	8	250	22	21	FULL	3	54301
285	206	162	0	489	30	33	ALL_EDGES	4	571085
279	203	185	0	532	16	19	FULL	1	923221
209	143	353	0	460	18	19	FULL	3	943723
267	220	144	8	473	20	23	CORNERS	5	477528
240	131	238	7	598	0	0	FULL	1	740938
333	260	110	9	250	0	0	FULL	2	773898
293	241	106	0	848	22	23	FULL	2	791748
217	157	190	1846	1100	0	0	FULL	1	202112
216	144	144	9	279	30	31	FULL	11	84675
212	159	224	7	293	9	11	ALL_EDGES	2	903612
305	151	260	12	250	17	18	FULL	1	785410
290	240	151	2730	250	0	0	FULL	1	524686
248	98	144	3	250	18	20	FULL	5	844593
198	134	284	7	442	0	0	FULL	1	157677
324	309	75	15	250	0	0	FULL	1	559962
255	181	142	260	534	39	32	FULL	2	308857
244	173	83	3	1052	0	0	ALL_EDGES	4	198013
407	218	96	2252	663	29	34	FULL	2	637949
271	207	134	15	612	16	18	FULL	4	728883
298	262	83	6	420	0	0	FULL	5	175913
350	241	112	0	250	15	17	ALL_EDGES	3	578012
283	211	76	4	449	0	0	ALL_EDGES	1	378180
288	169	216	10	876	0	0	FULL	1	319267
271	154	155	6	250	0	0	FULL	1	124341
338	190	133	8	1191	0	0	FULL	4	527105
275	178	274	13	539	12	17	FULL	1	116457
200	128	491	0	250	15	23	FULL	1	73568
308	192	279	16	379	0	0	FULL	1	915136
415	324	130	17	250	16	18	FULL	2	176599
413	273	147	5709	467	0	0	ALL_EDGES	1	150141
425	201	194	0	541	0	0	FULL	2	799453
246	206	307	3193	774	0	0	FULL	2	640419
276	218	224	13	250	0	0	FULL	2	73376
277	209	251	14	250	8	7	ALL_EDGES	2	409498
307	293	161	1537	345	26	26	FULL	2	869578
450	266	121	1986	250	0	0	FULL	1	749810
289	240	208	14	250	4	3	ALL_EDGES	2	168270
358	199	189	13	673	8	13	FULL	1	525595
357	264	207	39	332	6	8	FULL	2	990245
271	212	219	12	488	0	0	FULL	4	517994
396	271	144	3596	839	0	0	ALL_EDGES	1	632561
323	191	202	0	250	0	0	FULL	7	834887
379	234	153	27	548	17	21	ALL_EDGES	1	334035
309	248	176	27	824	0	0	FULL	1	106143
341	229	173	13	725	0	0	FULL	3	390451
493	337	99	16	250	0	0	FULL	1	128590
401	243	170	9306	1118	18	17	FULL	1	545603
273	257	206	4031	802	0	0	FULL	2	839586
263	186	336	16	342	0	0	FULL	2	432786
389	371	129	37	250	40	43	FULL	1	827007
414	232	151	14	505	0	0	FULL	1	211478
427	337	121	17	761	0	0	FULL	1	348125
331	233	162	12	317	0	0	FULL	3	492165
293	223	268	0	1078	0	0	FULL	2	864716
307	209	226	2291	250	0	0	FULL	2	610045
379	231	143	1762	676	0	0	FULL	2	868530
373	189	277	4134	310	0	0	FULL	2	792485
415	285	123	29	372	0	0	ALL_EDGES	7	637008
357	232	224	0	666	35	37	FULL	4	963140
309	233	216	4681	286	0	0	FULL	3	790760
373	279	188	19	624	0	0	FULL	1	308290
312	229	230	16	345	18	19	FULL	1	778207
289	225	240	15	806	0	0	FULL	1	192942
402	262	148	31	250	6	2	FULL	1	686177
326	254	163	2187	250	9	6	FULL	1	203677
318	236	179	3523	354	26	21	FULL	4	102147
436	237	169	5022	250	0	0	ALL_EDGES	2	533286
371	198	265	838	612	0	0	ALL_EDGES	1	425552
351	252	209	684	507	0	0	ALL_EDGES	4	258264
364	233	171	2407	442	7	11	FULL	2	3575
267	246	251	0	665	30	24	ALL_EDGES	1	828384
353	222	236	4477	470	0	0	FULL	2	776795
330	160	236	12	250	19	24	FULL	4	439296
312	218	258	1942	394	25	34	FULL	1	458030
464	386	109	19	479	18	15	FULL	6	159102
353	213	219	16	374	0	0	FULL	2	465075
