307	205	151	3429	478	15	15	FULL	1	692493
240	115	273	7	550	0	0	FULL	1	596742
397	245	77	7	797	0	0	FULL	1	349090
363	168	140	8	1245	0	0	FULL	5	894194
277	203	187	10	466	26	24	ALL_EDGES	3	178522
367	192	170	12	250	0	0	FULL	3	265344
285	195	216	0	362	32	36	ALL_EDGES	1	440540
270	141	170	1709	250	17	15	FULL	1	782483
306	225	168	0	730	41	44	FULL	3	889503
283	179	188	9	727	31	37	FULL	2	661223
201	165	167	11	250	0	0	FULL	3	265489
352	242	99	8	1008	0	0	ALL_EDGES	2	413881
351	214	153	11	250	0	0	FULL	3	901310
331	289	120	6624	1387	0	0	FULL	2	608745
252	173	265	0	938	0	0	FULL	1	850310
273	198	223	12	250	0	0	ALL_EDGES	3	89825
195	141	308	8	664	0	0	FULL	4	462856
348	285	106	10	971	17	19	FULL	1	872477
206	142	189	11	1455	12	11	FULL	1	785864
223	154	247	1742	513	25	30	FULL	1	283880
220	164	124	400	809	24	28	ALL_EDGES	2	324108
334	221	155	0	736	11	10	ALL_EDGES	3	710581
260	161	84	0	556	12	13	ALL_EDGES	4	549511
278	212	160	9	813	0	0	ALL_EDGES	1	548368
314	195	138	8	459	27	24	FULL	2	98897
259	207	140	712	728	0	0	ALL_EDGES	2	233067
310	221	168	885	360	9	13	FULL	2	951476
218	165	293	21	492	8	11	FULL	4	191253
269	149	213	8	653	0	0	FULL	3	243150
262	183	217	0	250	23	19	FULL	1	876739
293	197	200	11	495	29	22	FULL	1	341027
296	177	143	7	1596	0	0	FULL	1	972513
284	173	233	11	909	31	33	FULL	1	666940
296	184	175	0	462	15	17	ALL_EDGES	1	385975
221	154	279	760	309	10	12	FULL	1	324340
213	174	231	17	353	26	23	FULL	2	799111
287	223	70	9	250	17	14	FULL	1	37387
270	220	194	0	696	0	0	ALL_EDGES	2	264465
249	261	100	747	1138	3	3	FULL	2	877167
390	177	167	11	395	0	0	FULL	4	619714
279	185	164	8	477	0	0	ALL_EDGES	1	991060
359	180	85	0	485	0	0	FULL	2	312704
347	175	141	1623	540	0	0	FULL	3	161918
368	190	150	0	1546	37	33	FULL	1	354635
403	182	129	1263	250	0	0	FULL	1	2845
242	179	149	6	386	32	32	FULL	4	169921
345	183	119	1860	977	26	25	FULL	3	907255
305	195	142	8	360	25	23	FULL	2	586131
267	175	160	0	1438	0	0	FULL	1	617515
257	196	229	494	738	9	9	FULL	2	824022
232	224	87	4	385	6	4	FULL	2	520794
216	140	181	0	250	34	42	FULL	4	913081
357	209	155	4266	603	0	0	FULL	2	327117
331	214	135	1605	717	27	27	FULL	1	297000
353	232	140	0	585	0	0	FULL	1	598762
291	194	98	5	1725	10	11	FULL	6	319771
208	152	175	0	496	8	9	FULL	4	401427
330	233	137	1102	250	10	15	FULL	1	230259
232	183	106	0	982	0	0	FULL	1	898041
247	157	142	0	250	0	0	FULL	1	522734
303	170	146	2062	250	0	0	FULL	3	378004
244	198	113	0	390	0	0	FULL	1	631664
270	188	109	5	469	8	6	ALL_EDGES	2	167988
441	233	93	9	1016	15	19	FULL	2	394959
313	222	166	0	684	14	9	FULL	3	373893
317	221	171	852	1053	0	0	FULL	3	103190
315	206	116	2025	390	0	0	FULL	1	812747
302	203	187	2116	498	24	25	ALL_EDGES	3	902625
259	180	203	9	538	29	32	FULL	4	161562
274	210	130	0	1218	0	0	FULL	1	815816
356	196	166	0	250	25	32	ALL_EDGES	3	175971
316	257	148	24	1075	0	0	FULL	1	793443
298	174	183	9	423	4	6	FULL	1	86288
415	154	180	0	881	2	4	FULL	1	526544
289	168	175	1462	680	17	18	FULL	2	436396
171	136	194	4	349	0	0	FULL	5	876448
316	186	161	3002	547	0	0	FULL	2	164665
247	137	282	9	805	0	0	FULL	3	392853
261	217	151	8	402	0	0	FULL	1	716759
337	213	132	0	250	0	0	FULL	6	235793
292	193	204	11	582	0	0	FULL	2	461344
248	183	253	23	1130	0	0	FULL	1	701915
380	260	96	9	288	16	17	FULL	1	806126
304	256	109	365	250	17	14	FULL	2	661440
231	190	102	9	858	0	0	FULL	1	767608
236	145	102	385	417	0	0	FULL	1	88888
349	190	158	0	415	0	0	FULL	2	278860
310	224	94	0	553	56	59	ALL_EDGES	3	390640
332	199	143	9	326	0	0	FULL	2	817760
329	149	173	8	500	0	0	FULL	1	216810
390	303	97	1506	250	0	0	FULL	2	706933
261	217	133	15	585	8	9	ALL_EDGES	1	672063
287	253	103	1425	439	14	16	FULL	2	752496
269	170	120	5	602	6	10	FULL	1	589173
431	256	86	9	340	0	0	ALL_EDGES	5	724198
269	176	116	5	1550	0	0	FULL	2	701517
220	164	236	1122	393	0	0	ALL_EDGES	1	918749
301	209	118	0	457	0	0	FULL	2	786914
316	252	82	6	529	0	0	FULL	6	669312
296	201	177	1218	1103	0	0	FULL	2	882966
269	214	148	0	800	25	22	FULL	1	588183
216	143	275	8	261	22	25	FULL	1	505740
294	262	136	0	330	0	0	FULL	5	341777
267	141	225	722	542	11	13	FULL	4	449772
252	160	112	549	756	0	0	FULL	1	785700
316	308	87	1334	427	0	0	ALL_EDGES	1	992293
352	237	102	8	528	5	11	FULL	1	946818
469	221	82	8	392	26	24	FULL	5	324209
219	161	270	2318	1356	0	0	ALL_EDGES	1	531604
323	204	129	1496	303	12	7	FULL	2	182190
317	265	137	11	508	0	0	FULL	1	417210
194	135	134	3	456	23	25	FULL	1	770477
200	170	221	7	605	0	0	FULL	1	141740
292	177	145	0	393	0	0	FULL	2	242056
312	217	155	10	617	0	0	FULL	2	971799
312	189	195	2748	570	0	0	FULL	1	753850
244	161	190	1095	250	0	0	FULL	3	607501
267	212	133	7	445	0	0	ALL_EDGES	1	814068
386	245	111	1333	696	0	0	FULL	3	792957
267	191	167	0	405	12	13	FULL	4	209748
266	179	240	23	441	16	20	FULL	7	519429
309	262	129	10	771	8	10	ALL_EDGES	6	978442
374	204	98	7	744	0	0	FULL	1	109458
206	197	184	7	868	22	27	FULL	1	162166
280	154	127	5	836	0	0	FULL	1	638075
298	170	148	7	371	8	14	FULL	1	584222
224	227	235	0	800	15	24	FULL	1	591783
248	154	224	8	250	17	18	FULL	4	493687
305	181	190	10	389	9	10	FULL	1	664334
260	191	171	4658	832	32	35	FULL	1	714220
268	193	183	0	250	0	0	FULL	3	669418
283	214	174	21	468	0	0	FULL	2	437695
327	218	105	0	469	20	28	FULL	3	541645
344	200	124	8	354	0	0	FULL	2	502642
253	159	286	1575	250	0	0	FULL	3	268291
310	194	108	6	585	27	27	FULL	2	624437
330	111	179	6	390	27	30	FULL	2	656585
282	175	91	598	492	20	27	FULL	1	985122
239	163	115	4	250	22	24	FULL	1	395638
287	223	180	0	401	10	14	FULL	3	97560
222	166	230	0	436	17	24	FULL	1	407139
244	149	207	1620	414	0	0	FULL	4	340957
238	143	250	4071	1311	6	2	ALL_EDGES	2	656560
256	211	157	510	357	23	23	FULL	1	978317
291	143	204	0	250	0	0	FULL	3	346766
350	186	115	15	518	26	28	FULL	2	812304
240	169	211	0	1066	0	0	FULL	4	770581
178	138	142	7	1562	15	19	FULL	1	215878
504	222	107	2760	768	0	0	FULL	4	521016
323	212	139	779	419	15	20	FULL	1	668778
255	207	180	503	305	0	0	FULL	2	989990
329	199	175	11	540	25	27	FULL	3	531659
344	213	144	5460	1318	0	0	FULL	4	297931
292	189	117	0	267	0	0	FULL	4	160141
214	174	201	7	695	0	0	FULL	2	59957
304	176	225	3792	778	8	7	FULL	2	319823
311	211	175	11	1124	11	13	FULL	1	360300
235	182	105	837	250	14	11	FULL	1	460141
279	238	129	0	675	0	0	FULL	3	930451
314	170	178	9	433	13	11	FULL	2	766848
214	194	278	3565	899	7	7	FULL	6	469811
233	166	168	6	1117	0	0	FULL	3	223270
306	167	166	0	480	33	32	ALL_EDGES	2	456350
264	241	102	2164	1076	14	18	FULL	2	850650
261	175	187	8	250	0	0	FULL	1	578444
273	179	113	11	361	15	18	ALL_EDGES	2	11254
329	222	157	1380	250	17	12	ALL_EDGES	3	458196
200	163	229	0	250	11	9	FULL	1	48513
333	215	160	23	250	3	1	FULL	3	499686
188	140	284	525	250	0	0	FULL	2	143005
266	236	134	8	422	19	17	FULL	1	1078
261	143	201	2422	250	0	0	FULL	1	818826
197	143	159	4	815	19	23	FULL	2	364705
279	132	202	0	1138	19	20	ALL_EDGES	2	290953
225	169	171	6	250	0	0	FULL	3	99440
206	119	182	0	250	0	0	ALL_EDGES	1	66217
374	280	109	2875	885	34	35	CORNERS	1	891730
287	148	82	931	362	0	0	FULL	4	736383
297	215	117	7	250	27	29	FULL	1	370649
296	214	134	739	1250	0	0	FULL	3	378583
326	251	226	2849	250	15	21	FULL	2	858839
358	281	194	19	534	21	23	FULL	4	941528
452	334	129	1755	651	19	23	FULL	3	377818
315	183	270	15	250	14	16	FULL	1	672435
331	228	206	6959	1159	22	20	FULL	3	795233
391	216	147	12	475	0	0	ALL_EDGES	3	677204
312	295	136	2787	493	7	5	FULL	1	140978
430	290	117	3523	250	14	13	FULL	2	219378
258	153	441	17	729	0	0	FULL	3	319651
340	278	196	18	1055	0	0	FULL	1	16146
355	289	132	4266	1621	22	19	FULL	1	198991
312	189	281	33	569	16	13	FULL	1	540696
269	192	379	19	1172	0	0	FULL	1	125103
420	255	154	5329	471	33	37	FULL	3	968840
418	238	176	17	250	0	0	FULL	2	725151
358	242	179	15	827	0	0	FULL	1	940449
332	230	241	1628	530	3	3	FULL	4	775254
294	263	175	13	424	0	0	FULL	1	433230
394	266	158	2920	377	0	0	FULL	1	98916
437	259	164	0	447	0	0	FULL	2	904840
337	220	222	0	801	9	10	FULL	3	13022
359	244	165	14	250	33	39	FULL	1	83672
234	130	446	0	250	7	9	FULL	1	285831
259	211	265	5350	1254	0	0	ALL_EDGES	1	654318
437	305	109	29	624	0	0	FULL	1	723533
416	284	131	15	283	0	0	FULL	1	775587
550	286	98	15	370	27	30	FULL	5	408984
381	215	189	15	680	26	27	FULL	1	660888
292	203	279	2953	250	0	0	FULL	1	947568
414	218	138	25	250	11	12	FULL	6	245298
330	210	252	1260	516	0	0	FULL	2	881549
412	275	136	0	760	12	9	ALL_EDGES	1	233019
361	273	178	17	876	5	7	ALL_EDGES	2	886963
406	201	238	5206	1128	0	0	FULL	2	491020
338	192	208	13	335	0	0	ALL_EDGES	2	873563
321	253	166	13	255	15	18	ALL_EDGES	3	729254
323	169	283	2635	844	13	19	FULL	5	747470
248	145	374	13	250	18	15	FULL	2	715177
311	248	189	14	642	0	0	ALL_EDGES	1	27187
319	211	295	2520	554	0	0	FULL	2	263326
345	163	275	1891	846	24	23	FULL	1	663107
315	255	231	18	793	18	23	FULL	2	24207
342	245	161	13	389	0	0	FULL	4	609821
262	196	301	15	691	23	27	FULL	2	278894
379	225	182	558	250	33	35	ALL_EDGES	3	201528
276	202	277	1224	635	16	21	FULL	2	698903
267	239	242	15	293	0	0	ALL_EDGES	2	219384
367	213	198	15	411	0	0	FULL	6	472645
505	314	123	0	544	27	22	FULL	1	894290
266	192	246	1800	1411	0	0	FULL	3	901187
