275	231	181	3473	250	0	0	FULL	3	338941
335	294	121	12	643	0	0	FULL	2	839685
234	175	159	6	763	15	22	ALL_EDGES	2	849883
245	196	135	6	666	31	34	FULL	6	397398
272	214	112	6	371	31	35	FULL	2	348599
252	188	202	9	323	0	0	FULL	2	804785
367	229	101	8	250	17	19	CORNERS	5	702221
275	197	138	15	1147	23	25	FULL	1	490182
265	208	137	4162	900	0	0	FULL	1	386842
315	202	118	7	1067	0	0	ALL_EDGES	2	712137
264	183	196	845	482	0	0	FULL	2	610573
336	194	115	300	394	13	17	FULL	1	921800
381	219	114	1178	250	20	19	FULL	2	478032
305	207	71	4	672	0	0	FULL	1	323028
321	256	140	0	250	32	32	FULL	2	529770
260	156	111	4	659	26	28	FULL	1	954681
346	236	148	2016	410	12	13	ALL_EDGES	1	430854
296	267	108	2235	250	0	0	FULL	3	129180
381	244	113	3171	1326	30	32	FULL	1	511690
339	226	111	297	489	0	0	FULL	2	466879
373	239	129	931	799	0	0	FULL	2	750751
414	251	110	3358	388	2	0	FULL	2	774435
259	170	170	7	457	28	31	FULL	1	621754
298	173	164	8	250	0	0	FULL	5	700249
216	185	289	2127	310	12	10	FULL	2	407619
377	252	100	9	540	0	0	FULL	1	175531
260	193	150	322	938	0	0	FULL	1	265653
252	155	242	1415	250	26	23	FULL	3	97695
377	185	122	8	1040	0	0	FULL	1	470975
362	219	107	8	1107	0	0	ALL_EDGES	1	527126
212	165	216	945	822	15	10	FULL	2	110579
375	211	132	10	250	32	32	FULL	2	154374
371	243	127	4186	691	0	0	FULL	1	695158
215	122	285	1830	585	20	19	FULL	1	694230
281	235	159	10	679	0	0	FULL	3	28840
245	174	222	9	945	16	15	FULL	1	179870
390	214	126	21	606	24	23	FULL	2	383935
316	227	118	765	823	0	0	FULL	1	309151
256	157	163	6	1201	5	4	FULL	2	367037
324	216	151	10	763	0	0	FULL	2	495588
264	182	177	0	250	0	0	FULL	2	294893
287	148	271	4151	250	0	0	FULL	2	566611
368	227	138	11	497	0	0	FULL	1	208327
230	157	97	3	250	19	26	FULL	1	693580
160	134	209	0	461	0	0	FULL	1	971735
216	162	299	2362	688	31	32	FULL	2	343941
354	203	146	10	709	3	0	ALL_EDGES	2	453948
405	256	91	0	464	8	14	ALL_EDGES	4	140675
295	221	130	0	384	0	0	FULL	2	734895
288	173	131	6	508	0	0	FULL	1	987449
225	147	136	4	670	0	0	FULL	3	725020
298	230	124	1351	467	0	0	FULL	3	993611
266	159	129	0	413	0	0	FULL	2	388338
275	132	263	9	250	35	36	ALL_EDGES	2	32683
241	191	98	558	625	20	15	FULL	1	532850
316	211	128	17	281	10	10	FULL	1	918877
223	175	219	8	250	30	36	FULL	3	565315
282	231	177	23	780	11	14	FULL	2	989362
345	263	115	4830	932	0	0	FULL	2	742419
316	268	89	532	380	0	0	ALL_EDGES	6	659116
300	192	199	11	581	0	0	FULL	4	464949
340	331	102	0	331	5	6	FULL	1	234793
327	232	125	9	597	0	0	FULL	2	759084
406	269	105	0	1628	0	0	FULL	9	123015
245	141	333	11	250	16	20	ALL_EDGES	2	381916
369	233	122	10	1022	20	23	FULL	1	156111
315	241	112	901	614	0	0	FULL	4	703868
316	248	210	1452	479	0	0	FULL	1	429457
308	266	152	25	250	0	0	FULL	1	613529
383	284	169	1628	554	0	0	FULL	2	85634
327	222	213	15	739	0	0	FULL	3	861264
323	281	137	12	1107	15	20	FULL	1	711144
400	253	172	17	618	18	19	ALL_EDGES	2	768372
513	381	89	5635	595	45	49	FULL	1	36885
329	208	285	19	564	25	27	FULL	7	358722
468	295	113	992	1186	19	17	FULL	1	381316
309	221	293	3260	388	0	0	ALL_EDGES	1	504239
368	294	186	20	543	0	0	FULL	3	924355
317	209	220	0	829	0	0	FULL	2	914879
371	251	188	0	601	0	0	FULL	2	548960
310	212	221	14	1044	17	20	FULL	5	733378
376	315	131	15	250	0	0	FULL	1	859868
446	285	106	4009	250	0	0	FULL	3	359318
377	213	230	0	317	8	7	FULL	3	822451
353	231	228	18	1249	0	0	FULL	3	908951
402	301	119	0	639	11	9	FULL	4	299459
296	228	258	17	444	32	33	ALL_EDGES	3	729074
257	186	260	3587	383	0	0	FULL	1	714985
301	239	270	19	1034	0	0	FULL	1	105028
394	229	138	1150	860	10	17	FULL	2	301930
418	243	133	27	354	0	0	FULL	1	623803
324	291	133	0	678	25	27	FULL	1	247362
322	187	258	15	374	0	0	FULL	1	264319
375	228	158	13	662	33	32	FULL	2	823971
300	215	241	0	336	0	0	ALL_EDGES	1	20433
317	227	215	0	595	0	0	FULL	2	882924
301	177	235	12	373	0	0	FULL	1	912440
252	176	282	1750	514	0	0	FULL	1	634597
291	223	193	0	1567	26	29	FULL	2	972789
353	233	176	14	458	0	0	FULL	4	286917
263	190	388	1443	572	0	0	FULL	1	599052
359	196	235	3382	803	0	0	FULL	2	899521
419	255	174	6623	283	14	11	FULL	4	7321
475	333	110	17	250	20	18	FULL	2	751155
388	292	172	19	390	0	0	FULL	5	579663
256	224	254	0	536	0	0	FULL	3	840211
330	221	213	1860	802	0	0	FULL	3	441389
354	256	171	0	523	0	0	FULL	1	467517
381	257	179	17	444	27	25	FULL	2	477947
389	345	123	33	598	0	0	FULL	2	410202
401	181	186	13	571	0	0	FULL	2	480331
418	310	119	2092	798	0	0	FULL	1	320595
267	231	220	27	250	23	31	ALL_EDGES	4	652031
282	263	182	0	1932	0	0	FULL	4	181456
429	283	120	0	310	0	0	FULL	1	829375
375	241	160	0	669	0	0	FULL	5	939466
416	294	135	16	434	0	0	FULL	1	929807
292	228	188	12	465	0	0	ALL_EDGES	1	227366
377	179	260	17	850	0	0	FULL	3	619825
319	247	159	0	538	0	0	FULL	7	259057
306	242	209	31	250	12	13	FULL	1	955802
338	281	163	15	300	19	22	FULL	1	872257
304	235	189	13	311	0	0	FULL	1	520740
399	316	124	15	739	0	0	FULL	1	589641
361	239	179	3239	809	0	0	FULL	3	984723
316	273	191	16	934	0	0	ALL_EDGES	1	890656
307	219	217	29	250	0	0	ALL_EDGES	3	421257
467	245	171	19	910	23	26	FULL	1	352435
384	294	129	0	347	24	22	FULL	1	769663
435	185	193	3270	2165	20	23	ALL_EDGES	3	15504
268	231	201	12	877	0	0	FULL	3	893760
323	183	261	4696	637	0	0	FULL	5	693937
397	287	176	0	645	0	0	FULL	2	486338
274	164	344	1689	250	0	0	FULL	1	841438
318	185	340	20	425	0	0	FULL	1	121974
309	205	243	31	716	0	0	FULL	2	566050
475	262	124	15	1073	0	0	FULL	2	76902
364	298	143	15	450	0	0	FULL	5	888375
338	231	160	12	404	0	0	FULL	4	798643
320	273	188	0	250	16	14	FULL	2	387324
303	200	239	14	1457	0	0	FULL	1	597555
371	241	218	19	309	0	0	FULL	1	695487
277	174	384	18	1288	0	0	FULL	2	378035
409	310	122	2433	250	0	0	FULL	2	681520
426	390	100	16	275	11	14	FULL	3	542970
301	228	271	2312	868	0	0	FULL	5	787336
370	343	122	15	770	0	0	ALL_EDGES	2	569522
371	190	235	2937	1717	0	0	FULL	2	985984
354	226	181	14	706	0	0	FULL	1	489715
286	191	282	15	607	0	0	FULL	1	140120
403	187	192	0	733	10	11	FULL	1	884712
436	282	118	14	250	14	19	FULL	2	918492
506	218	131	2117	576	0	0	FULL	1	976414
345	219	232	17	707	0	0	FULL	1	626648
451	353	98	2201	250	0	0	FULL	1	382229
425	216	190	0	481	18	21	FULL	1	559415
310	209	239	2619	702	25	26	FULL	2	652473
293	199	215	1900	250	0	0	FULL	1	72283
396	214	195	0	590	30	32	FULL	4	784715
391	252	137	13	692	0	0	FULL	4	8211
342	231	171	0	471	0	0	FULL	1	676663
317	158	269	1714	250	0	0	FULL	4	76545
386	224	191	16	472	0	0	FULL	1	587059
296	199	212	3025	608	0	0	FULL	2	142908
336	203	228	744	250	12	13	FULL	3	202355
354	278	198	1774	481	0	0	CORNERS	1	273993
381	307	150	17	380	0	0	ALL_EDGES	4	519168
422	224	165	0	654	0	0	FULL	4	121529
357	246	165	0	374	32	38	FULL	5	340502
301	211	196	1350	298	20	23	FULL	3	541072
260	131	368	12	645	32	30	FULL	3	259918
352	220	200	15	250	5	3	FULL	1	268842
340	231	198	15	250	0	0	FULL	2	879804
298	260	238	18	250	0	0	ALL_EDGES	1	779494
368	277	123	12	1283	26	31	FULL	2	648373
336	287	130	25	476	0	0	FULL	3	428086
259	191	375	18	250	27	30	FULL	5	528394
329	241	233	18	446	0	0	FULL	2	58095
377	257	190	1850	626	0	0	FULL	1	324771
363	240	155	13	780	0	0	FULL	2	251466
398	246	179	17	573	11	10	FULL	2	254683
389	341	139	6660	949	12	6	FULL	1	298703
497	293	120	17	250	13	13	FULL	18	715465
288	240	239	16	250	13	17	FULL	1	314154
435	230	145	14	363	0	0	FULL	2	169070
373	258	130	12	250	21	24	FULL	2	158967
560	257	101	0	578	3	2	FULL	2	114106
383	296	110	25	250	0	0	FULL	1	982062
415	284	140	33	328	0	0	FULL	1	746
302	189	271	15	352	0	0	FULL	2	973140
375	256	181	17	458	32	32	FULL	5	403046
329	185	223	0	356	9	7	FULL	1	601066
444	238	147	31	857	17	17	FULL	1	548711
562	164	201	18	250	10	15	FULL	1	731549
323	168	230	6675	2000	0	0	FULL	2	260096
356	188	203	2754	765	0	0	ALL_EDGES	1	85961
429	257	140	15	1109	29	31	ALL_EDGES	1	111678
362	265	162	0	279	0	0	FULL	3	615512
373	184	211	14	583	0	0	FULL	1	388163
344	289	125	25	380	0	0	FULL	1	191857
366	220	193	5037	457	0	0	FULL	2	320905
355	305	125	27	390	27	27	ALL_EDGES	1	495310
408	321	119	15	250	0	0	FULL	2	871894
337	203	211	0	482	10	14	FULL	2	318932
298	233	266	18	1017	0	0	FULL	1	171230
437	138	307	1461	321	17	18	FULL	4	157407
431	247	183	19	1508	6	10	FULL	2	129417
312	225	207	14	403	13	12	FULL	2	737643
276	202	296	5016	1080	29	33	FULL	2	210882
329	206	213	14	493	0	0	FULL	1	481172
309	175	268	29	254	0	0	FULL	2	404900
270	252	242	6336	956	0	0	FULL	2	792258
298	208	201	12	598	0	0	FULL	3	538912
475	282	123	1914	585	0	0	FULL	1	433991
429	258	176	19	869	0	0	FULL	1	342776
393	297	159	37	645	19	18	ALL_EDGES	1	672326
369	203	246	18	463	0	0	FULL	1	670655
310	177	282	15	685	13	20	FULL	1	919533
269	216	267	15	329	0	0	FULL	3	79788
405	281	145	0	574	21	20	FULL	1	549390
439	284	124	4169	1005	0	0	FULL	2	272574
454	332	103	15	487	22	27	FULL	2	341473
421	318	116	15	361	17	21	ALL_EDGES	2	24007
441	285	131	33	320	6	4	FULL	1	226924
550	264	127	0	656	0	0	FULL	2	259130
449	306	113	5285	615	11	12	FULL	2	28583
525	311	107	17	696	0	0	ALL_EDGES	1	472236
276	227	312	39	909	17	19	FULL	1	429662
356	236	184	15	569	7	11	FULL	1	475260
380	230	166	14	791	0	0	FULL	1	908484
348	257	173	2170	363	0	0	FULL	3	470738
