341	174	144	1394	250	0	0	FULL	2	66507
341	152	126	0	476	0	0	FULL	2	400641
238	156	175	13	250	0	0	ALL_EDGES	2	374275
270	206	117	1514	289	0	0	FULL	3	360576
228	201	99	0	982	22	18	FULL	4	303465
188	190	127	0	958	0	0	FULL	1	581230
301	230	137	19	604	0	0	FULL	1	202016
268	195	162	3060	468	0	0	FULL	1	748385
336	273	125	1943	272	0	0	FULL	1	405915
324	202	161	10	466	0	0	FULL	3	21346
257	198	167	17	735	24	28	FULL	2	722227
337	211	105	7	250	12	17	FULL	4	400982
354	307	78	8	1065	0	0	FULL	1	813668
237	158	227	8	250	0	0	FULL	2	676852
292	211	138	17	308	27	27	FULL	3	113369
477	318	69	0	250	0	0	FULL	1	268672
305	210	180	11	363	41	46	FULL	2	198267
298	229	125	0	566	0	0	FULL	2	449018
277	259	104	0	506	0	0	FULL	2	827500
308	130	214	1479	664	15	16	FULL	2	531909
354	259	125	11	336	18	21	FULL	1	157381
222	182	112	4	390	0	0	FULL	3	730694
272	207	204	0	681	24	29	FULL	1	427130
228	149	252	0	461	0	0	FULL	1	677785
175	116	223	805	250	24	29	FULL	1	187156
240	182	194	3162	562	11	14	FULL	1	724502
191	119	244	0	749	0	0	FULL	1	256506
229	190	103	882	745	0	0	FULL	2	64502
239	138	136	4	317	0	0	FULL	1	441238
425	255	97	10	723	14	10	FULL	1	45194
395	308	94	23	250	0	0	ALL_EDGES	2	690062
246	165	112	4	540	24	26	FULL	3	253108
275	294	93	7	625	20	15	FULL	3	704369
324	269	98	8	705	3	6	FULL	5	876947
297	147	194	8	793	0	0	FULL	5	403851
274	206	150	8	292	7	5	FULL	2	902086
320	211	156	3118	412	25	27	FULL	3	297035
177	103	192	3	491	0	0	FULL	6	855534
289	187	213	0	504	20	23	FULL	4	743975
194	132	136	374	635	0	0	FULL	1	400415
301	227	124	17	250	0	0	FULL	2	617490
222	92	419	1547	250	0	0	FULL	2	686467
388	333	81	1890	550	0	0	FULL	1	784047
213	142	312	9	304	14	21	FULL	1	717665
203	158	265	8	474	0	0	FULL	1	828122
238	262	168	0	549	0	0	FULL	5	499244
235	238	134	547	250	28	33	FULL	2	991972
272	171	97	4	666	0	0	FULL	1	263306
331	361	62	7	503	0	0	FULL	3	398478
300	151	143	2216	466	10	10	FULL	1	306541
268	195	181	9	453	16	18	FULL	3	940142
478	306	79	11	388	17	23	FULL	1	812410
389	243	122	11	444	0	0	FULL	1	652631
270	208	204	11	1179	14	19	FULL	1	886257
236	215	167	0	250	0	0	FULL	1	567530
279	185	165	0	770	0	0	FULL	2	646637
491	252	97	2052	250	0	0	FULL	1	259069
290	194	204	0	568	37	39	ALL_EDGES	2	435674
263	199	144	0	348	6	8	FULL	1	103653
296	218	132	0	250	27	24	FULL	1	250264
244	152	203	7	831	22	24	FULL	4	939660
290	200	130	1410	250	36	45	FULL	2	699137
291	254	155	11	286	14	16	FULL	2	385562
274	155	176	7	250	0	0	FULL	1	335691
283	244	166	0	367	0	0	FULL	1	463471
267	169	188	646	250	0	0	FULL	1	888193
343	214	115	8	664	15	18	FULL	1	745356
245	152	254	1434	250	41	38	FULL	1	290811
274	155	83	0	385	13	13	FULL	1	857103
254	168	198	4003	1374	0	0	ALL_EDGES	1	644812
300	188	151	0	1255	0	0	FULL	1	966771
292	169	234	23	791	13	12	FULL	1	57014
268	173	204	19	851	8	18	ALL_EDGES	3	328487
341	171	145	756	825	10	8	FULL	2	741585
256	169	174	7	1660	0	0	ALL_EDGES	2	35305
218	152	258	17	327	0	0	FULL	1	29423
204	134	201	5	250	0	0	FULL	5	613805
288	192	208	11	609	16	10	FULL	3	559489
336	206	137	9	694	0	0	FULL	3	364026
253	212	196	10	785	0	0	FULL	6	687578
246	200	91	9	934	0	0	FULL	4	208498
231	151	129	4	1021	16	17	FULL	2	348811
235	211	111	5	1006	0	0	FULL	2	536342
200	195	192	7	401	0	0	FULL	4	522500
267	173	141	468	961	0	0	ALL_EDGES	1	108912
291	218	102	988	1651	0	0	FULL	1	312411
323	238	136	0	505	17	20	FULL	2	218454
316	205	85	0	368	0	0	FULL	3	12424
229	162	228	8	669	0	0	FULL	2	771309
355	240	99	2278	455	25	29	ALL_EDGES	1	890371
286	170	176	8	455	0	0	FULL	1	324988
277	163	77	3	602	0	0	FULL	2	700293
250	176	147	1417	823	12	9	ALL_EDGES	1	26876
326	208	111	7	610	17	19	FULL	3	30238
298	213	118	7	565	0	0	FULL	1	14987
281	216	74	9	458	0	0	FULL	2	776653
249	141	243	1334	959	0	0	FULL	5	382198
320	248	145	11	501	22	15	FULL	2	139521
400	228	104	3505	339	12	13	FULL	2	601390
355	216	111	0	583	33	38	FULL	1	662540
298	198	144	2618	507	25	25	FULL	3	193021
271	212	130	1515	1007	0	0	FULL	2	360702
276	263	159	23	678	0	0	FULL	2	267823
293	203	143	1504	250	20	18	FULL	2	505561
273	141	299	1357	940	13	17	FULL	2	2244
216	162	128	4	419	14	15	FULL	1	568480
255	159	185	0	1170	0	0	ALL_EDGES	3	757797
193	138	319	1453	401	0	0	FULL	1	788781
249	150	147	1617	495	0	0	FULL	2	160387
180	135	267	6	367	0	0	FULL	1	65601
407	198	118	2052	542	0	0	FULL	6	474687
219	160	214	1432	388	0	0	FULL	5	52708
382	254	87	1972	511	0	0	FULL	4	580318
283	274	136	10	250	0	0	FULL	2	521219
284	190	158	8	509	13	11	ALL_EDGES	1	439075
245	194	221	10	1198	0	0	FULL	1	661463
237	181	104	0	250	15	18	FULL	2	508671
309	210	115	7	475	8	4	FULL	1	334626
220	182	211	8	1056	0	0	FULL	1	318335
323	222	167	0	558	23	23	FULL	1	200145
250	160	112	4	422	0	0	FULL	1	328579
266	185	192	3420	250	0	0	FULL	1	225219
264	194	205	10	329	0	0	FULL	2	641635
349	263	126	2990	1876	0	0	FULL	1	369344
278	198	82	801	250	0	0	FULL	5	366056
288	200	130	2647	1045	21	20	FULL	5	921048
347	264	93	17	250	7	10	FULL	3	800578
313	178	152	8	337	0	0	FULL	3	483209
370	291	107	23	875	0	0	FULL	1	616101
261	192	209	1554	752	0	0	ALL_EDGES	4	862692
278	254	148	0	828	0	0	FULL	1	923159
230	168	117	4	641	31	32	FULL	4	460849
252	165	179	7	485	0	0	FULL	1	992591
269	242	161	0	532	0	0	FULL	1	404040
216	159	248	17	796	0	0	FULL	1	823161
289	141	209	0	562	12	9	ALL_EDGES	3	98985
270	200	102	5	1236	15	19	FULL	2	97265
339	254	75	1618	851	9	13	FULL	2	557786
264	154	184	15	250	0	0	FULL	1	382091
273	140	224	0	250	18	19	FULL	2	234489
289	260	113	2745	250	9	8	FULL	3	398708
302	165	212	0	693	0	0	ALL_EDGES	2	446932
334	224	127	826	819	0	0	FULL	6	159597
312	170	161	17	250	0	0	FULL	3	21033
200	148	185	5	582	15	19	FULL	1	332250
393	215	136	0	250	0	0	FULL	4	979656
312	270	101	1623	250	0	0	FULL	2	69002
290	224	85	759	626	20	23	FULL	1	490809
404	268	107	943	453	0	0	FULL	2	163973
310	241	153	11	1017	0	0	FULL	1	479028
336	207	122	8	473	0	0	FULL	1	378061
406	224	115	850	250	0	0	FULL	2	821336
380	207	146	11	442	0	0	FULL	4	644530
369	109	186	22	1102	32	29	ALL_EDGES	2	247232
246	148	97	367	463	19	18	FULL	2	234577
275	176	238	11	304	0	0	FULL	1	779319
290	207	193	2219	360	0	0	FULL	2	836768
282	212	159	9	250	0	0	FULL	3	141406
295	168	151	780	573	0	0	ALL_EDGES	1	681164
335	239	156	25	774	24	16	FULL	3	83789
352	263	145	13	549	37	37	FULL	2	412804
324	203	205	1674	250	0	0	FULL	3	409256
307	261	232	2220	476	26	29	FULL	2	234322
374	268	155	2619	707	0	0	FULL	1	699035
398	252	185	1757	375	0	0	FULL	1	326437
391	293	145	16	381	0	0	FULL	1	912977
358	275	204	2660	250	15	15	FULL	1	920647
409	296	103	0	542	0	0	FULL	1	412443
367	196	215	15	497	27	32	FULL	2	798282
337	273	169	15	363	0	0	FULL	3	929154
388	210	153	12	1392	7	9	FULL	2	321464
388	239	178	16	563	18	17	FULL	2	672976
313	288	161	5684	250	17	16	FULL	1	877137
308	175	232	3100	310	0	0	FULL	3	207907
389	267	131	1822	1130	0	0	FULL	2	784638
284	202	219	12	559	23	21	FULL	2	965460
331	251	211	0	648	8	13	FULL	3	392325
421	372	118	0	1319	0	0	FULL	2	820075
257	198	263	27	644	0	0	FULL	3	182005
374	225	197	0	250	0	0	FULL	1	79800
330	250	213	17	420	15	17	ALL_EDGES	1	230499
360	220	246	19	822	0	0	FULL	6	844306
338	233	234	18	872	0	0	FULL	1	422767
349	174	255	31	478	24	24	FULL	2	610940
291	189	320	1855	688	11	16	ALL_EDGES	1	466067
379	235	185	0	902	0	0	FULL	3	858047
311	157	277	13	595	0	0	FULL	3	640981
370	278	151	15	552	0	0	FULL	2	461719
269	179	323	15	567	24	24	ALL_EDGES	1	846979
384	212	166	0	555	28	29	FULL	2	15364
340	241	190	0	1024	20	21	FULL	2	265258
328	198	224	14	401	18	17	FULL	1	835861
330	266	200	2677	576	14	13	FULL	1	356018
316	311	138	13	332	19	21	FULL	2	454463
411	292	130	2077	702	15	18	ALL_EDGES	2	518390
312	184	286	0	493	18	19	FULL	2	936257
397	236	166	0	1061	13	10	FULL	2	839866
320	164	258	4171	683	21	21	FULL	1	115126
319	273	144	25	866	0	0	FULL	2	995638
351	181	229	3523	250	0	0	FULL	3	456949
293	231	185	12	501	15	17	FULL	1	589508
261	165	383	33	419	8	9	FULL	2	560908
373	257	204	2925	693	10	6	FULL	1	983427
420	198	235	0	1487	9	11	ALL_EDGES	1	912703
316	236	194	6699	2000	0	0	FULL	2	447013
299	151	365	16	434	0	0	FULL	1	368193
320	207	219	1537	420	22	25	FULL	1	432059
313	247	253	19	372	0	0	FULL	2	927457
508	255	143	37	250	18	21	ALL_EDGES	1	604497
482	286	113	0	407	0	0	FULL	6	445997
311	196	255	15	250	0	0	ALL_EDGES	1	761056
308	231	231	0	537	12	10	FULL	2	438982
397	286	119	0	628	5	3	FULL	2	77618
344	346	131	15	461	35	37	FULL	2	617642
391	235	218	6340	529	0	0	FULL	2	409584
296	223	204	1633	1252	14	13	FULL	1	862787
338	162	339	2405	840	10	16	FULL	4	180582
347	228	171	13	492	28	33	FULL	2	679819
303	159	261	12	542	33	41	FULL	1	400651
320	180	217	0	250	18	17	FULL	1	886895
267	170	365	16	428	16	17	FULL	2	285382
329	225	236	35	282	0	0	FULL	3	74011
351	208	268	7137	622	14	16	FULL	2	72580
438	179	249	39	507	17	24	FULL	1	117973
271	265	273	877	983	6	12	FULL	1	310271
534	362	90	17	818	11	8	FULL	2	310906
393	248	138	1822	250	0	0	FULL	1	374852
383	292	130	14	763	23	25	FULL	2	184665
312	265	199	0	491	10	14	FULL	7	212095
375	207	161	0	586	0	0	FULL	1	615628
314	241	192	0	250	25	27	FULL	2	427697
436	344	130	19	386	32	28	FULL	2	494052
310	274	182	0	357	24	25	FULL	2	909522
302	203	205	0	250	0	0	FULL	5	794203
568	347	84	3811	688	0	0	ALL_EDGES	2	10694
348	277	150	2175	1404	0	0	FULL	3	376171
354	202	203	5133	517	15	9	FULL	1	809530
441	291	121	15	507	0	0	FULL	2	36782
310	203	295	8288	1349	0	0	FULL	4	925945
324	275	163	1914	663	0	0	FULL	2	374593
387	239	178	0	501	0	0	FULL	1	734172
