269	211	96	544	250	41	42	FULL	3	778890
327	177	147	17	250	0	0	FULL	4	565517
384	226	133	1633	250	0	0	FULL	1	887181
366	220	130	829	409	21	13	FULL	1	361083
390	231	127	3841	767	0	0	FULL	4	995758
296	177	142	7	565	25	27	FULL	1	277837
211	132	163	4	250	0	0	ALL_EDGES	2	371066
265	195	203	10	776	0	0	FULL	2	530026
236	178	202	3349	250	5	6	FULL	2	911691
316	281	130	1725	250	0	0	FULL	3	683905
185	162	183	5	662	0	0	FULL	2	495386
415	348	72	0	250	6	4	ALL_EDGES	4	638912
203	160	262	3162	528	2	4	FULL	1	132792
290	217	119	15	486	6	5	ALL_EDGES	7	869943
347	234	130	913	250	0	0	FULL	1	630335
259	188	113	0	535	0	0	FULL	1	525677
316	181	202	11	250	0	0	FULL	1	240753
351	229	106	3502	550	21	21	FULL	2	544799
244	170	108	4	250	0	0	FULL	2	634126
228	162	176	0	874	0	0	FULL	2	597539
247	142	329	11	560	0	0	FULL	1	22273
312	256	143	1276	544	0	0	FULL	1	563378
261	186	175	8	319	0	0	ALL_EDGES	1	504562
346	204	148	2310	250	0	0	FULL	6	933265
239	213	147	1117	250	22	18	FULL	7	107048
165	155	136	388	436	9	15	FULL	1	538917
236	153	124	0	393	0	0	FULL	3	935726
288	156	167	2962	576	0	0	ALL_EDGES	4	680050
308	248	158	12	324	0	0	FULL	2	217516
304	242	163	12	867	12	15	ALL_EDGES	3	882467
378	180	125	8	764	0	0	FULL	1	681681
262	187	173	0	580	24	24	FULL	2	32266
236	178	201	1079	250	36	35	ALL_EDGES	5	321518
306	246	113	0	250	0	0	FULL	1	797862
259	184	156	1042	477	19	22	FULL	2	584599
274	178	175	8	365	20	24	FULL	2	696385
344	286	86	0	250	0	0	FULL	2	600040
230	131	182	5	389	14	15	FULL	4	280630
246	234	148	8	373	0	0	FULL	5	734687
243	197	199	750	692	11	12	FULL	1	752731
184	149	238	13	521	40	46	FULL	4	507158
208	206	105	9	342	35	39	FULL	1	414748
238	214	227	0	250	0	0	FULL	1	697691
250	206	204	1554	250	0	0	FULL	2	224414
336	259	121	10	1929	28	30	FULL	1	766024
313	202	150	3258	358	15	18	FULL	7	263920
353	191	111	1717	486	43	43	FULL	1	315735
343	283	108	1491	442	14	18	FULL	1	715099
264	211	81	4	250	9	8	FULL	2	465986
249	170	177	7	1724	16	16	FULL	6	250573
284	233	83	5	749	3	6	FULL	1	670085
241	164	190	7	775	0	0	FULL	9	783841
282	163	119	5	524	0	0	FULL	2	41355
251	159	138	5	1114	0	0	FULL	6	154167
170	102	201	3	439	0	0	FULL	1	509246
285	213	156	9	775	0	0	FULL	1	820742
386	230	96	0	392	0	0	ALL_EDGES	2	877202
202	158	141	693	259	0	0	ALL_EDGES	1	874564
266	163	243	3181	295	0	0	FULL	2	992619
333	251	137	11	999	0	0	FULL	4	495338
302	230	166	11	250	0	0	FULL	3	125836
352	258	93	8	987	0	0	FULL	5	775802
280	180	149	3127	962	0	0	FULL	1	210997
293	186	101	808	649	0	0	FULL	1	931500
466	215	114	11	576	0	0	FULL	2	866244
358	306	78	0	250	26	28	FULL	2	988933
307	188	147	8	404	30	29	FULL	1	383314
268	242	115	1042	628	0	0	FULL	1	867962
208	209	265	11	469	0	0	FULL	1	668934
291	206	125	7	651	4	4	FULL	1	256145
357	230	140	0	618	0	0	FULL	2	975463
229	198	233	10	1262	0	0	FULL	2	657380
260	212	172	1206	447	25	24	FULL	2	543736
268	165	170	7	719	0	0	FULL	3	923773
252	221	135	7	635	0	0	FULL	2	35115
286	187	159	1768	1215	25	28	FULL	2	187929
345	208	161	11	442	14	11	FULL	2	229975
204	134	202	0	450	22	23	FULL	1	607912
272	203	171	950	1059	14	17	FULL	3	436290
220	125	273	0	250	0	0	FULL	1	171632
320	174	207	0	558	12	8	FULL	1	498571
353	216	112	8	640	16	12	FULL	5	945600
338	212	119	0	1197	20	20	FULL	2	530654
290	146	247	556	1013	0	0	FULL	2	924738
321	213	110	1995	1030	0	0	FULL	1	615686
261	215	135	1365	250	0	0	FULL	2	677073
228	171	167	0	978	14	13	FULL	3	303647
463	300	76	0	740	0	0	FULL	1	263577
278	183	188	9	477	0	0	FULL	2	97048
324	210	125	8	641	0	0	FULL	2	447046
299	189	115	806	709	3	2	FULL	3	412589
250	154	219	2312	828	0	0	FULL	7	306986
359	266	120	0	648	0	0	FULL	2	381170
284	192	156	8	491	0	0	FULL	1	981677
331	179	204	12	694	32	34	FULL	1	225353
305	192	205	12	250	0	0	FULL	2	358676
212	132	304	8	851	19	21	FULL	5	258268
312	195	123	7	744	27	31	FULL	1	682482
416	215	134	12	536	14	13	FULL	2	146815
378	237	95	2660	864	0	0	FULL	1	73604
315	184	182	1291	823	17	18	FULL	1	476940
288	178	223	1863	420	0	0	FULL	2	537760
310	155	135	6	1137	15	11	FULL	2	91497
321	266	134	828	250	0	0	FULL	2	285188
317	192	189	23	359	17	21	FULL	1	185102
300	229	110	600	501	16	17	FULL	2	587784
243	145	242	1972	594	0	0	ALL_EDGES	5	144648
288	184	199	10	496	0	0	FULL	2	168430
184	160	120	3	250	0	0	FULL	4	675333
295	196	148	17	508	24	22	FULL	3	341845
238	115	273	7	611	0	0	ALL_EDGES	1	827949
314	212	158	1732	526	38	36	FULL	6	51707
308	227	122	0	613	0	0	ALL_EDGES	4	838626
292	224	145	9	1341	16	15	FULL	1	695589
328	191	136	1309	1240	10	11	FULL	2	439188
358	247	119	756	672	0	0	FULL	1	670446
329	179	144	17	712	23	25	CORNERS	1	560531
366	209	111	8	550	0	0	FULL	2	410726
263	189	171	0	1359	0	0	FULL	1	31179
359	255	126	11	435	0	0	FULL	1	70432
310	188	129	7	739	0	0	ALL_EDGES	2	286386
285	249	106	0	413	17	18	FULL	1	738633
304	244	61	9	543	0	0	FULL	8	428886
305	269	141	11	662	0	0	FULL	1	653304
280	184	166	3502	466	0	0	FULL	1	817505
282	184	223	23	707	0	0	FULL	1	725437
225	147	168	11	250	0	0	FULL	5	465803
225	201	166	7	376	0	0	FULL	3	676408
227	165	175	0	372	2	5	FULL	1	843
362	278	94	9	1271	40	41	FULL	1	368853
228	153	129	4	1225	0	0	FULL	4	874167
244	171	203	8	532	0	0	FULL	2	90296
338	185	136	1326	898	26	24	FULL	1	173690
314	213	113	442	474	0	0	FULL	4	851302
297	227	141	1130	1052	18	21	FULL	1	746514
302	225	154	1953	250	0	0	FULL	2	109157
326	177	200	3507	709	32	31	FULL	1	54228
305	238	165	5088	414	0	0	FULL	2	22848
269	188	149	2085	250	15	20	ALL_EDGES	2	379471
436	294	90	11	600	9	15	FULL	2	610619
279	163	252	11	508	23	26	FULL	1	30618
321	185	194	1897	1162	15	11	FULL	3	759987
263	194	147	7	850	8	12	ALL_EDGES	4	953403
477	380	86	0	250	0	0	ALL_EDGES	1	142549
424	294	124	0	484	0	0	FULL	2	267351
335	168	223	25	474	26	28	FULL	2	691994
372	266	196	19	250	0	0	FULL	1	140969
415	310	152	19	428	0	0	FULL	1	917645
333	241	193	0	250	0	0	FULL	3	914502
364	269	127	12	534	0	0	FULL	4	302390
349	300	167	17	818	0	0	ALL_EDGES	3	728115
414	328	136	4514	518	0	0	FULL	2	593649
344	268	190	17	250	0	0	FULL	1	697821
376	221	223	18	558	0	0	FULL	1	304650
469	346	120	0	319	0	0	FULL	3	23558
329	281	200	18	493	0	0	FULL	1	323048
357	166	263	15	541	14	12	FULL	2	814685
282	240	272	0	250	0	0	FULL	1	709840
376	287	153	1716	250	0	0	FULL	2	297752
432	301	134	0	872	0	0	FULL	1	274377
345	289	175	35	531	9	16	FULL	1	574640
287	241	209	14	250	0	0	FULL	7	178285
321	236	230	0	349	33	30	FULL	2	55965
366	253	168	15	250	24	29	FULL	2	64157
329	226	181	0	377	0	0	FULL	1	3325
295	212	265	1254	744	0	0	FULL	1	127506
287	172	314	15	522	0	0	FULL	2	241225
364	170	234	2189	250	28	35	FULL	2	148410
347	275	153	3378	574	0	0	FULL	2	967763
423	260	150	16	250	0	0	CORNERS	2	240697
291	202	229	27	812	0	0	FULL	7	315533
559	272	115	4410	316	5	1	FULL	1	405848
283	196	225	2325	250	35	36	FULL	3	616415
363	291	156	1138	959	33	30	ALL_EDGES	1	305423
313	262	190	15	250	0	0	FULL	1	795210
326	234	163	1275	801	0	0	FULL	3	206047
343	286	158	15	250	0	0	FULL	2	833080
290	192	278	15	250	26	27	FULL	1	209950
306	182	297	4917	250	0	0	FULL	5	982765
303	159	280	1147	1161	0	0	FULL	6	601031
400	236	164	0	250	15	10	FULL	2	165408
284	228	240	15	1344	0	0	FULL	1	98554
295	280	176	0	1019	29	30	FULL	2	39526
245	202	331	16	250	5	5	FULL	2	744413
481	199	194	9028	2000	19	16	FULL	3	449283
447	250	139	31	319	0	0	FULL	5	446917
365	222	192	2232	486	0	0	ALL_EDGES	1	381571
414	336	119	33	250	0	0	ALL_EDGES	3	714990
357	229	202	16	250	0	0	ALL_EDGES	2	409340
318	199	260	1699	370	35	42	FULL	1	974040
431	319	98	27	368	0	0	FULL	4	967104
349	273	193	18	818	20	23	ALL_EDGES	3	525284
425	279	131	15	500	0	0	FULL	3	598873
380	235	185	16	437	11	13	FULL	1	431450
296	225	218	1435	1096	24	32	FULL	3	770336
279	227	229	0	610	0	0	FULL	1	442843
417	311	143	5254	749	0	0	FULL	5	65824
291	220	194	12	296	0	0	FULL	3	794078
305	234	203	14	565	0	0	FULL	5	73142
396	235	178	264	463	10	9	FULL	1	780503
493	204	175	6562	418	0	0	ALL_EDGES	1	794077
470	223	185	3763	448	3	11	FULL	1	917001
344	241	186	15	250	0	0	FULL	1	50179
433	219	210	40	1204	24	30	FULL	1	667407
394	287	146	0	673	14	17	FULL	1	868396
380	344	118	15	250	0	0	FULL	4	249488
363	249	216	19	331	0	0	FULL	3	150646
318	244	212	16	250	0	0	FULL	1	947613
481	358	113	19	847	0	0	FULL	2	303939
391	243	142	2713	250	0	0	FULL	2	825091
311	216	245	0	324	36	40	FULL	1	720049
316	224	176	0	250	24	25	ALL_EDGES	3	820578
311	162	308	1007	1096	14	10	FULL	1	678385
370	233	156	0	585	8	8	FULL	2	287657
354	295	186	39	637	0	0	FULL	1	759535
364	212	201	0	789	0	0	FULL	1	429710
448	328	133	19	539	0	0	ALL_EDGES	2	539705
394	247	159	4820	348	28	24	FULL	1	958850
381	250	195	18	743	0	0	FULL	1	490381
