362	246	129	11	250	0	0	ALL_EDGES	1	250128
241	130	144	4	541	22	20	ALL_EDGES	1	495562
315	175	154	2567	684	15	13	FULL	3	177562
249	171	176	0	653	9	9	FULL	1	65772
225	181	184	0	480	19	20	FULL	4	438331
209	177	176	676	927	0	0	ALL_EDGES	1	580232
396	176	121	17	377	0	0	FULL	2	115808
282	207	129	960	765	25	24	FULL	1	298282
202	163	260	552	961	0	0	FULL	3	151209
315	275	133	11	256	16	12	FULL	3	453002
341	211	105	7	618	0	0	FULL	1	626109
188	125	193	4	298	15	18	FULL	1	689113
351	245	99	17	469	0	0	FULL	2	576505
239	217	67	3	390	27	29	ALL_EDGES	1	216134
265	182	248	1176	459	30	34	FULL	3	912289
210	138	191	2315	582	9	10	FULL	2	997684
353	168	109	1098	484	0	0	FULL	2	541505
281	226	118	292	882	0	0	FULL	2	553385
278	157	219	712	742	0	0	ALL_EDGES	2	746687
271	181	174	0	336	0	0	FULL	2	912653
219	155	190	0	250	27	26	FULL	1	547068
422	261	105	23	834	0	0	FULL	1	692335
253	171	128	5	284	20	26	FULL	6	645856
231	153	184	0	254	0	0	FULL	1	446724
319	212	170	2863	250	18	18	FULL	2	315127
237	121	297	0	700	11	15	FULL	6	463443
294	159	118	11	1296	0	0	FULL	6	369351
264	212	135	7	886	0	0	FULL	1	359284
267	202	158	8	705	0	0	ALL_EDGES	1	160347
244	212	165	0	1089	0	0	FULL	7	993215
337	162	138	7	250	0	0	ALL_EDGES	1	207582
251	170	223	0	496	0	0	FULL	1	562336
265	189	150	2040	393	0	0	FULL	3	630973
308	227	150	3927	551	0	0	FULL	3	889019
222	166	314	563	490	0	0	FULL	3	498652
389	276	112	12	250	26	29	ALL_EDGES	12	567120
269	191	205	10	613	21	23	FULL	1	960995
337	254	122	21	827	30	34	FULL	2	211119
311	228	169	1236	560	29	28	FULL	3	31461
288	215	105	6	250	0	0	FULL	1	680141
248	169	273	11	309	11	13	FULL	2	516694
372	189	164	2070	348	0	0	ALL_EDGES	6	654969
357	237	136	11	250	0	0	FULL	4	600881
271	181	243	12	402	12	19	FULL	1	878530
283	156	124	561	815	5	4	FULL	1	347141
374	289	79	8	496	23	19	FULL	1	587010
226	146	318	10	810	0	0	FULL	10	811113
319	266	136	4991	781	23	26	FULL	2	475667
420	267	94	0	500	0	0	FULL	1	523660
253	199	149	7	904	24	25	FULL	2	620502
304	191	77	544	459	0	0	FULL	1	491676
283	181	226	23	532	15	14	FULL	2	413114
223	193	198	2541	1144	0	0	ALL_EDGES	2	945294
274	226	185	11	270	7	9	FULL	2	314059
382	273	110	1311	250	32	36	FULL	2	193791
323	132	199	8	250	0	0	FULL	3	658060
290	179	163	8	783	0	0	FULL	2	93381
289	160	227	0	553	0	0	FULL	1	220568
480	304	79	1230	250	27	28	FULL	3	48731
229	146	134	814	851	26	27	FULL	6	952662
384	185	106	7	811	8	8	FULL	6	929929
303	169	87	1255	257	0	0	FULL	1	381327
278	172	157	1462	367	29	27	FULL	1	657723
265	166	261	11	296	0	0	FULL	1	254385
189	119	421	9	502	0	0	FULL	2	145862
299	212	102	1280	340	11	13	FULL	4	183388
258	153	114	4	698	0	0	FULL	3	628363
352	276	118	11	250	0	0	ALL_EDGES	2	476245
336	220	115	8	330	11	16	FULL	1	507786
237	163	221	1088	601	14	15	FULL	1	305867
482	293	60	8	764	0	0	FULL	1	788701
239	241	165	19	823	0	0	FULL	3	890642
341	270	114	10	294	10	11	FULL	2	136053
402	274	77	1241	379	0	0	ALL_EDGES	2	119580
283	225	181	0	250	0	0	FULL	1	380330
268	209	115	6	1262	9	6	ALL_EDGES	1	748362
286	236	141	9	306	0	0	ALL_EDGES	2	297409
454	249	102	2380	250	0	0	FULL	1	211441
323	256	127	2215	629	22	21	ALL_EDGES	3	220639
359	258	92	17	908	23	23	FULL	4	91808
336	194	100	221	593	0	0	FULL	1	552475
187	136	335	0	791	22	23	FULL	1	405233
346	247	134	11	632	0	0	ALL_EDGES	1	109935
246	177	195	8	372	0	0	FULL	1	782105
242	133	139	0	467	0	0	FULL	1	241635
370	229	124	0	672	0	0	FULL	3	823533
205	114	280	6	375	0	0	FULL	3	223805
333	219	103	3367	1156	0	0	FULL	2	58938
291	205	160	0	476	0	0	ALL_EDGES	6	22604
227	157	268	0	523	0	0	FULL	2	248363
346	251	98	2694	427	0	0	FULL	3	639777
252	154	269	882	347	0	0	ALL_EDGES	1	106767
285	186	160	969	371	10	9	FULL	2	558951
263	125	258	1445	250	0	0	ALL_EDGES	3	772800
395	290	74	0	597	0	0	FULL	2	33413
269	152	184	15	1083	0	0	FULL	10	733181
468	306	80	1230	250	11	13	FULL	1	644341
250	218	101	5	250	0	0	FULL	2	766959
260	162	131	11	333	7	5	FULL	1	626229
191	132	178	4	250	0	0	FULL	1	473797
215	204	149	6	250	39	42	FULL	3	241395
300	170	204	1354	618	23	26	ALL_EDGES	4	641956
318	176	215	0	409	0	0	ALL_EDGES	1	682723
387	271	100	1942	335	17	19	FULL	7	512324
281	212	160	2983	258	0	0	FULL	1	382437
319	252	150	12	472	0	0	FULL	1	986998
244	199	236	0	368	12	14	FULL	1	380502
294	237	166	1173	552	0	0	FULL	6	138264
329	243	131	0	931	0	0	FULL	2	465821
266	252	112	0	1089	25	26	FULL	1	769229
385	264	83	17	557	0	0	FULL	5	836332
298	158	181	1751	360	25	27	FULL	1	483186
293	214	167	10	554	0	0	FULL	3	716776
345	248	135	0	512	0	0	FULL	4	12298
277	186	125	6	444	14	13	FULL	2	682284
328	205	126	25	533	11	9	FULL	2	173161
332	287	121	402	573	0	0	FULL	1	272761
324	250	129	10	250	13	18	FULL	1	125818
273	192	143	7	868	15	18	FULL	1	716019
298	200	192	0	615	0	0	FULL	1	641090
235	130	376	23	250	7	6	FULL	2	59317
336	164	218	0	631	17	17	FULL	3	403659
301	209	87	0	371	0	0	FULL	1	997063
366	168	186	1161	429	15	18	FULL	3	146287
308	250	156	12	500	29	30	FULL	1	37611
406	238	119	1529	440	15	15	FULL	2	748164
290	202	128	0	455	21	24	ALL_EDGES	2	963078
348	196	168	2829	678	15	11	FULL	1	741496
310	213	114	0	250	0	0	FULL	1	355783
261	137	322	11	250	0	0	ALL_EDGES	4	103674
292	215	182	1794	700	0	0	FULL	2	610945
365	254	124	11	786	14	17	FULL	4	165155
263	212	135	0	521	0	0	FULL	2	88977
276	212	163	19	370	0	0	ALL_EDGES	1	204402
303	216	160	10	250	27	24	FULL	1	324708
351	243	123	10	373	0	0	FULL	2	213657
319	241	97	7	550	11	14	FULL	1	995401
266	214	203	11	250	23	26	FULL	1	808628
343	251	122	0	1002	0	0	FULL	6	745752
343	181	121	7	708	0	0	FULL	3	12995
262	218	132	15	875	0	0	FULL	1	961499
235	204	93	670	1565	7	11	FULL	1	756036
285	262	154	11	612	19	24	FULL	4	275617
246	167	209	0	888	0	0	FULL	1	364745
385	212	141	0	250	0	0	FULL	2	206919
283	153	243	934	496	18	29	FULL	3	663220
324	213	109	2595	250	0	0	FULL	1	679631
344	230	145	0	1009	21	20	FULL	1	549777
248	168	252	10	786	0	0	FULL	3	50195
205	189	142	2601	1114	13	18	FULL	1	913796
363	151	137	847	455	0	0	FULL	1	687680
266	189	129	2450	821	23	28	FULL	3	386598
230	186	174	3697	1112	0	0	CORNERS	2	634713
264	195	146	577	410	0	0	ALL_EDGES	2	874440
241	207	90	724	250	0	0	FULL	2	915683
260	196	167	8	1059	22	22	FULL	2	929163
182	141	176	621	446	21	26	ALL_EDGES	6	994865
204	168	249	8	539	0	0	FULL	2	36286
259	177	164	2385	786	13	15	FULL	1	688584
389	223	86	0	256	15	12	FULL	5	668958
215	207	123	5	250	0	0	FULL	1	953480
342	209	133	9	646	0	0	FULL	2	13265
366	281	83	8	250	0	0	FULL	1	351057
210	145	148	4	250	0	0	FULL	4	908527
260	129	135	4	296	0	0	ALL_EDGES	4	571232
316	241	138	2110	654	23	23	FULL	4	738207
280	202	97	5	375	0	0	FULL	2	255695
270	249	156	10	446	0	0	FULL	1	7850
247	219	156	3748	1262	0	0	FULL	2	34941
234	173	162	6	273	16	16	FULL	3	126493
364	316	83	1624	448	0	0	ALL_EDGES	1	829208
239	204	174	8	532	20	27	FULL	4	882156
270	192	222	0	683	0	0	FULL	2	792856
217	196	199	816	420	5	14	FULL	1	443111
358	253	115	0	382	0	0	FULL	1	688338
219	173	199	7	1012	0	0	ALL_EDGES	1	5480
271	261	120	1912	1429	37	43	FULL	1	391037
195	145	160	4	496	0	0	FULL	1	32830
318	176	134	1747	622	0	0	FULL	2	824718
277	196	176	9	671	0	0	FULL	1	411138
323	214	166	0	449	16	19	FULL	8	469790
299	222	173	0	250	0	0	FULL	1	885444
316	213	142	19	269	35	34	FULL	1	349196
325	196	133	8	277	10	7	FULL	1	118867
278	176	154	0	250	32	35	FULL	2	725751
300	241	160	2035	466	20	24	FULL	3	23991
257	185	199	9	250	0	0	FULL	5	694532
249	218	211	2104	459	0	0	FULL	4	351383
314	223	121	731	985	10	8	FULL	1	56630
320	219	121	0	477	0	0	FULL	1	394270
387	259	95	0	392	17	18	FULL	6	877507
262	189	171	1683	691	20	26	FULL	3	691300
282	195	155	8	279	0	0	FULL	1	713870
213	119	178	4	596	18	15	FULL	1	608222
489	214	110	2978	581	0	0	FULL	4	781040
219	161	127	4	954	0	0	FULL	7	749419
253	191	134	1735	367	38	40	FULL	1	552125
257	164	107	0	602	0	0	FULL	1	528431
266	161	198	25	1098	13	17	FULL	2	897654
222	177	218	8	426	0	0	FULL	1	396137
333	203	155	0	294	25	23	FULL	1	940714
274	210	200	23	1434	0	0	FULL	3	507908
407	342	68	9	379	0	0	FULL	6	171086
293	145	200	4301	911	29	33	FULL	6	369956
339	232	146	1414	374	0	0	FULL	1	179317
252	151	118	4	866	0	0	FULL	2	145731
197	178	128	495	546	20	18	FULL	1	24018
400	216	133	23	577	0	0	ALL_EDGES	8	337582
351	238	102	2431	568	29	39	FULL	6	294588
431	277	100	12	371	17	10	ALL_EDGES	1	304088
289	258	127	19	250	6	6	FULL	3	835093
297	218	132	2397	1099	26	26	FULL	1	570758
298	239	161	11	569	9	8	FULL	2	3879
209	156	231	7	634	8	10	FULL	2	10336
291	237	123	8	250	0	0	FULL	2	933132
231	177	158	0	250	0	0	FULL	6	839770
281	168	222	5040	1174	0	0	FULL	4	887448
233	161	94	3	438	0	0	FULL	3	933412
327	240	146	23	844	0	0	FULL	2	307882
219	150	350	3898	2293	8	13	FULL	2	391711
289	164	200	9	250	0	0	FULL	1	647996
301	229	167	23	444	19	22	FULL	1	605208
379	231	120	0	653	0	0	FULL	1	691247
288	223	117	7	250	0	0	ALL_EDGES	1	55459
256	193	151	15	1107	0	0	ALL_EDGES	3	20220
327	145	221	21	457	0	0	FULL	2	406906
245	165	258	10	250	0	0	FULL	1	207455
354	286	114	23	545	0	0	FULL	1	468037
257	136	186	6	901	21	26	ALL_EDGES	1	689400
277	227	104	0	551	14	12	FULL	2	733581
343	208	119	0	629	35	34	FULL	1	15394
260	247	117	930	670	35	37	FULL	5	720073
330	275	82	7	415	0	0	FULL	2	972923
329	164	194	10	618	19	17	FULL	1	321295
212	176	229	1912	432	0	0	FULL	1	195105
386	257	106	10	545	39	38	FULL	1	441474
240	188	189	8	417	20	13	FULL	2	976934
287	203	128	0	430	0	0	FULL	1	509178
314	220	123	816	1599	0	0	FULL	3	435909
321	173	153	8	682	20	25	FULL	1	94436
372	208	135	262	250	19	23	FULL	1	157516
251	195	174	5389	2000	0	0	FULL	2	214785
278	146	111	1084	633	0	0	FULL	4	120331
273	175	115	5	946	0	0	ALL_EDGES	2	730576
210	143	116	10	308	0	0	FULL	1	644414
255	198	169	1479	987	30	36	FULL	2	227243
286	182	163	8	818	23	22	ALL_EDGES	4	13543
243	184	211	9	482	0	0	FULL	1	459521
264	185	193	9	1209	0	0	FULL	3	685459
313	188	127	7	690	0	0	FULL	2	251661
342	194	128	8	250	0	0	FULL	3	839825
264	208	209	0	507	0	0	FULL	3	203697
233	240	151	8	889	16	13	FULL	2	469099
385	204	147	11	541	0	0	ALL_EDGES	2	769672
273	221	158	9	395	29	31	FULL	3	294777
262	251	99	0	509	0	0	FULL	1	402253
293	262	150	11	589	0	0	ALL_EDGES	1	598503
282	178	230	4071	727	23	23	FULL	2	36299
365	245	129	11	527	34	28	FULL	1	540629
351	200	150	21	428	0	0	FULL	4	25175
324	216	107	7	834	23	24	FULL	1	501311
269	204	190	10	767	0	0	FULL	2	129874
267	227	75	0	486	19	21	FULL	2	647615
417	196	128	10	250	0	0	FULL	1	552669
240	160	170	6	436	0	0	FULL	3	346133
183	141	135	679	963	0	0	FULL	2	100534
226	161	150	16	826	7	5	FULL	3	485402
311	235	144	10	250	13	20	FULL	1	642310
328	245	143	11	564	0	0	FULL	2	170072
289	193	171	3781	394	0	0	FULL	3	890852
428	246	99	966	446	0	0	FULL	1	993098
208	146	149	0	250	0	0	FULL	1	429482
273	192	219	23	399	12	10	FULL	2	736834
339	228	148	11	440	0	0	FULL	2	694934
200	149	150	4	546	0	0	FULL	3	84945
235	114	316	1164	634	29	32	FULL	1	266771
291	254	156	11	365	24	22	FULL	1	538717
309	211	145	836	391	0	0	FULL	1	150535
371	279	116	1092	1289	19	24	FULL	3	701119
365	279	64	1332	545	15	20	FULL	1	899492
280	233	130	1725	250	9	11	FULL	3	680185
372	252	91	8	294	0	0	FULL	1	553961
384	158	157	0	745	0	0	FULL	4	396267
315	238	154	11	250	0	0	FULL	1	188307
317	225	133	0	748	0	0	FULL	2	719203
273	189	185	1672	452	28	29	FULL	1	179476
260	157	158	6	422	0	0	FULL	1	400947
258	144	309	2875	1126	30	33	FULL	5	485295
348	265	212	19	1506	8	8	FULL	1	863938
344	173	293	17	409	0	0	ALL_EDGES	1	2432
287	203	214	12	438	24	22	FULL	4	316919
303	240	171	3500	423	0	0	FULL	2	572895
414	329	121	5148	299	43	40	FULL	7	605779
423	232	158	15	449	0	0	FULL	1	939119
326	213	210	14	563	24	18	ALL_EDGES	1	397582
364	273	156	31	600	1	4	ALL_EDGES	1	761699
319	274	177	0	443	29	30	FULL	1	827821
354	228	180	14	830	0	0	FULL	2	467005
327	280	202	18	250	0	0	FULL	2	108763
302	248	206	15	250	7	2	ALL_EDGES	1	450842
372	216	193	15	1088	11	15	FULL	1	23022
290	237	182	2037	250	0	0	FULL	1	361059
309	219	230	31	445	0	0	FULL	2	771188
372	254	206	0	438	0	0	FULL	3	610371
282	212	209	12	653	0	0	FULL	1	462262
321	210	186	0	638	0	0	SHORT_EDGES	3	684456
370	265	205	20	739	0	0	FULL	1	258992
422	280	131	15	250	0	0	FULL	5	10539
254	212	268	14	481	19	18	FULL	1	108396
289	213	270	0	301	21	24	FULL	2	610152
380	219	174	14	278	8	9	FULL	1	729329
395	263	178	0	595	0	0	FULL	1	255172
354	280	147	0	484	0	0	FULL	1	596916
471	228	135	3001	789	0	0	FULL	1	923197
281	270	204	0	250	0	0	FULL	1	183680
366	282	140	14	596	0	0	FULL	3	176410
364	301	178	19	503	0	0	FULL	1	991397
331	234	201	15	574	10	9	FULL	7	806892
310	272	196	2079	328	0	0	FULL	3	441744
346	242	184	15	663	0	0	ALL_EDGES	1	947962
284	293	150	12	1047	11	17	FULL	2	58420
322	159	245	25	508	6	11	FULL	5	80859
379	238	172	0	772	33	36	FULL	1	630864
276	185	266	0	407	0	0	FULL	1	211489
328	199	192	0	1464	0	0	FULL	2	958577
372	289	153	0	473	5	3	FULL	3	332450
367	302	149	16	250	0	0	FULL	1	474639
374	235	142	12	250	0	0	FULL	2	93648
355	224	194	2867	859	23	25	FULL	1	202391
320	215	210	0	968	25	28	FULL	2	350479
365	283	121	12	352	14	14	FULL	1	348497
406	310	139	17	805	0	0	FULL	3	582502
385	335	151	0	942	0	0	FULL	1	658150
370	298	167	4680	588	18	19	FULL	2	843318
285	200	237	13	307	0	0	FULL	1	934480
315	211	293	19	689	0	0	FULL	7	218697
368	262	192	18	932	11	11	FULL	1	719628
346	258	174	15	312	0	0	FULL	3	394390
362	250	193	17	337	0	0	FULL	1	186177
321	214	197	27	1387	47	51	FULL	2	640937
296	191	275	15	388	0	0	FULL	2	872237
313	262	153	12	498	0	0	FULL	3	48711
262	131	423	14	438	0	0	FULL	2	100419
279	181	307	0	815	13	15	FULL	1	537950
320	223	175	12	678	0	0	FULL	3	758944
349	248	156	13	280	0	0	FULL	1	527727
243	159	324	12	250	23	28	FULL	4	466342
345	276	184	0	250	14	10	FULL	3	772518
347	209	269	0	348	0	0	FULL	3	640061
340	276	155	0	425	0	0	FULL	2	41018
375	307	108	12	250	0	0	FULL	2	72409
335	268	218	3510	250	18	24	FULL	2	852407
362	199	174	12	476	0	0	FULL	2	234206
400	308	126	15	493	15	17	FULL	1	665541
288	217	200	12	357	17	15	FULL	2	212037
354	248	187	1386	250	30	36	FULL	6	936821
279	180	310	0	519	7	8	FULL	1	812099
303	151	360	0	781	24	25	FULL	2	43632
325	290	165	1751	878	12	16	FULL	4	126642
321	276	175	15	428	0	0	FULL	2	557309
404	272	141	15	394	0	0	FULL	2	776847
222	218	319	3906	456	19	18	FULL	9	220364
352	262	179	2194	543	10	11	FULL	3	797954
323	253	227	55	397	12	17	FULL	1	330802
321	140	300	5076	960	0	0	FULL	2	415404
303	199	208	0	659	0	0	FULL	1	274090
397	291	125	14	250	19	19	FULL	2	29264
326	303	166	16	779	0	0	FULL	4	880128
294	199	213	12	707	0	0	FULL	1	819803
351	224	210	6435	338	22	27	FULL	11	111170
315	203	227	2175	511	0	0	FULL	6	447829
231	179	304	12	1401	13	18	FULL	3	665673
269	207	261	14	486	0	0	FULL	1	742795
379	264	155	3487	250	13	15	FULL	3	943771
348	250	201	1662	522	0	0	FULL	2	611311
376	260	169	33	682	0	0	FULL	1	541435
363	296	144	46	1044	22	28	FULL	2	333299
375	276	120	12	1579	0	0	FULL	3	829939
308	244	248	18	250	0	0	FULL	1	13483
422	323	114	0	250	0	0	FULL	2	30038
268	200	252	0	382	25	27	FULL	1	186313
327	241	247	19	1298	0	0	ALL_EDGES	2	423148
375	352	94	12	250	21	20	FULL	7	56298
463	290	148	20	422	26	30	FULL	1	725111
424	269	136	31	439	0	0	FULL	2	181952
362	323	132	6587	558	25	31	FULL	2	664359
398	367	106	0	588	0	0	FULL	2	769818
422	260	133	0	250	35	34	ALL_EDGES	2	184825
280	230	194	4000	641	0	0	FULL	6	380291
312	264	164	13	603	0	0	FULL	2	441676
325	253	187	0	343	32	33	FULL	1	475922
344	202	194	13	910	0	0	FULL	1	962148
402	238	193	18	495	19	20	FULL	3	835064
362	258	209	2164	614	0	0	FULL	2	951441
283	230	208	1431	522	19	24	FULL	1	414564
390	252	138	0	250	26	30	FULL	3	332593
297	215	258	16	250	22	21	ALL_EDGES	2	853433
302	273	177	14	250	0	0	FULL	1	775629
330	282	167	7951	1551	0	0	FULL	1	688558
273	237	238	0	547	1	5	FULL	2	7071
435	231	154	1984	342	18	19	FULL	1	759433
417	236	177	17	914	0	0	ALL_EDGES	3	152007
351	222	173	1822	466	0	0	FULL	1	197132
273	202	246	13	603	35	34	FULL	2	998402
425	246	139	3407	609	0	0	ALL_EDGES	5	13657
377	280	119	12	1160	0	0	FULL	3	515802
440	265	107	3237	365	0	0	FULL	3	707912
325	233	165	0	530	16	17	FULL	8	842150
585	367	81	17	440	0	0	FULL	2	15565
277	206	271	46	749	36	39	ALL_EDGES	3	420215
383	216	163	1903	407	0	0	FULL	1	921056
365	321	149	17	783	0	0	FULL	2	862622
294	225	236	15	1703	0	0	ALL_EDGES	1	223522
475	262	124	4944	465	0	0	ALL_EDGES	1	911210
291	262	216	16	813	23	21	FULL	2	940716
324	238	200	0	250	29	28	FULL	2	233967
310	245	204	15	862	18	23	FULL	2	343849
425	360	82	25	649	0	0	FULL	3	668500
403	184	223	16	250	15	14	ALL_EDGES	1	747309
432	370	91	0	842	0	0	FULL	3	524083
364	177	240	15	250	0	0	FULL	4	801900
288	297	170	0	250	20	23	FULL	2	272302
293	217	198	2250	410	42	36	ALL_EDGES	3	240775
386	208	205	16	865	0	0	FULL	1	201313
367	242	220	58	269	22	25	FULL	1	330635
286	234	248	1188	616	0	0	FULL	2	103558
405	245	166	16	786	0	0	ALL_EDGES	1	506275
460	379	106	18	613	22	23	FULL	2	195839
450	298	108	14	610	0	0	FULL	1	490884
370	249	168	31	384	14	17	FULL	3	578108
403	317	152	19	582	0	0	FULL	8	778966
283	212	259	1503	1016	0	0	FULL	1	662526
308	241	182	27	472	0	0	FULL	1	412977
392	258	164	2739	517	0	0	ALL_EDGES	1	122380
294	144	320	2632	565	0	0	FULL	5	670837
338	215	172	2437	588	0	0	FULL	5	653712
308	239	198	14	515	11	16	FULL	2	546294
324	238	200	0	463	0	0	FULL	1	889698
262	199	279	0	506	6	11	FULL	2	515609
304	206	249	15	250	22	20	FULL	3	488365
211	134	475	0	794	4	6	FULL	2	735569
290	226	235	1751	770	0	0	FULL	2	760205
282	163	335	1472	404	4	6	FULL	4	316585
454	289	126	0	490	12	15	FULL	3	509086
339	262	174	31	943	0	0	FULL	3	378428
402	208	221	18	750	35	40	FULL	2	339915
293	233	213	2131	839	19	22	FULL	1	793125
296	244	270	0	250	0	0	FULL	2	596980
384	296	137	3224	470	0	0	FULL	2	355702
350	326	136	2123	486	23	26	FULL	2	402845
365	324	131	15	250	11	13	ALL_EDGES	2	183487
365	265	149	14	350	0	0	FULL	2	349226
364	305	157	17	250	36	38	FULL	3	960706
370	295	160	2450	730	11	18	FULL	1	32580
476	350	117	39	409	0	0	ALL_EDGES	2	984115
271	166	278	0	1238	0	0	FULL	4	397360
461	325	130	3568	356	0	0	FULL	6	352577
269	189	246	12	903	34	43	FULL	2	524666
298	206	325	1000	594	0	0	FULL	6	851225
299	211	199	25	896	0	0	FULL	3	42689
438	271	130	2387	482	40	43	FULL	3	961177
265	185	316	0	315	26	26	FULL	1	356003
346	320	122	675	506	18	16	FULL	2	870336
329	217	175	4225	447	19	23	FULL	2	26714
323	268	202	17	1238	14	15	FULL	2	475869
420	220	211	0	250	15	13	FULL	1	785042
398	215	181	0	465	21	17	FULL	2	808195
511	333	103	17	1114	31	32	FULL	2	448719
303	198	258	31	452	0	0	FULL	1	938122
553	289	97	15	272	0	0	FULL	1	205873
483	328	123	5967	314	13	11	FULL	3	185882
303	225	285	19	760	16	18	FULL	4	438199
296	270	206	16	250	11	9	FULL	1	364942
384	248	163	15	514	0	0	FULL	1	247876
348	272	184	4882	744	27	28	FULL	1	440048
430	234	193	3783	922	0	0	FULL	2	937781
446	349	100	0	250	0	0	FULL	1	946929
318	200	197	0	250	0	0	FULL	2	282504
286	243	223	1131	578	0	0	FULL	2	594364
453	305	98	0	297	12	14	FULL	1	980634
328	219	174	12	774	0	0	FULL	2	320588
323	285	218	20	789	0	0	FULL	3	756324
337	255	227	19	535	0	0	FULL	4	981027
365	186	213	3059	616	0	0	FULL	2	931191
335	247	242	20	780	0	0	FULL	1	655833
398	253	174	17	250	0	0	FULL	2	51937
337	260	142	12	250	0	0	FULL	1	243165
328	225	210	15	283	0	0	FULL	11	187890
346	266	168	2356	491	23	13	FULL	1	266320
306	241	171	12	699	27	27	FULL	1	87946
372	253	207	3159	250	0	0	FULL	2	443944
402	232	177	16	403	0	0	FULL	1	286901
379	235	140	12	449	11	8	FULL	1	89748
382	169	240	15	506	27	31	FULL	2	432421
373	279	159	3234	515	16	16	FULL	1	662484
341	236	155	0	347	0	0	FULL	3	226631
421	166	207	14	329	33	32	FULL	1	536015
335	182	305	6031	1092	0	0	FULL	1	560896
325	266	168	348	250	5	9	FULL	2	566269
351	214	193	0	250	0	0	FULL	6	356161
335	312	177	18	326	27	26	FULL	3	322590
386	255	188	18	730	0	0	FULL	11	408612
458	263	154	3515	886	15	15	FULL	2	973974
474	261	142	5145	250	14	15	ALL_EDGES	2	956112
448	374	75	25	2125	17	17	FULL	1	279547
355	201	202	4074	488	0	0	FULL	1	975247
298	186	280	3332	333	0	0	FULL	2	322886
414	342	138	4758	360	0	0	FULL	1	683925
289	225	284	18	377	34	35	FULL	2	462479
413	331	135	37	794	24	23	FULL	2	821215
438	255	157	17	400	17	14	FULL	3	389931
485	321	99	2015	402	0	0	FULL	1	190982
302	264	157	12	250	20	23	FULL	2	630921
415	319	109	377	722	0	0	FULL	4	261499
283	199	310	35	250	26	27	FULL	2	239722
300	192	217	2400	595	0	0	FULL	1	15699
289	207	260	0	494	0	0	FULL	1	359899
333	235	236	18	250	0	0	FULL	1	745861
437	314	120	8712	1578	0	0	FULL	1	186752
365	270	156	15	2098	0	0	FULL	1	790690
421	243	191	2925	353	17	13	FULL	1	756108
289	237	283	19	310	1	1	FULL	1	542116
378	295	139	8866	1317	18	17	FULL	2	622176
502	233	167	0	565	0	0	FULL	8	627772
396	289	144	3415	585	0	0	FULL	2	576774
409	155	244	15	339	20	19	ALL_EDGES	1	900395
330	247	191	2387	250	30	34	FULL	2	204983
324	171	243	2497	343	0	0	FULL	3	452336
455	311	110	0	539	0	0	FULL	1	840719
363	267	201	19	610	14	12	FULL	1	312562
301	182	264	14	805	0	0	FULL	1	646573
408	300	118	4567	627	0	0	FULL	2	861413
322	232	167	4825	345	31	34	FULL	1	96780
417	346	114	0	250	0	0	FULL	3	908174
414	222	201	1905	250	0	0	FULL	4	208229
309	206	212	13	833	27	31	ALL_EDGES	4	556500
346	212	267	19	1116	0	0	FULL	10	974089
369	287	146	15	275	0	0	FULL	2	595785
339	212	187	3550	835	9	7	FULL	2	144286
435	270	166	19	525	0	0	FULL	4	199679
410	337	91	25	935	0	0	FULL	1	264835
364	262	172	16	292	28	27	FULL	4	20645
352	254	173	31	251	14	20	FULL	4	261127
377	297	165	18	518	21	33	FULL	2	466223
394	266	177	18	327	11	7	FULL	2	545310
420	273	153	2555	323	20	23	ALL_EDGES	4	835786
375	283	165	17	543	13	11	FULL	1	677411
316	182	286	33	642	0	0	FULL	1	988349
305	236	214	46	250	0	0	FULL	2	948789
476	286	143	3666	250	23	28	FULL	2	377960
378	251	174	0	699	16	18	FULL	5	619587
360	314	164	18	1678	6	9	FULL	1	207308
429	346	105	15	250	0	0	FULL	2	283083
256	186	305	0	1151	0	0	FULL	4	612338
338	234	196	31	250	26	30	FULL	1	189108
259	204	292	1457	772	15	19	FULL	1	265783
481	268	120	2371	385	0	0	FULL	1	118198
301	234	191	13	339	15	19	FULL	6	211080
396	354	103	2001	402	0	0	FULL	3	131938
373	240	139	12	321	0	0	FULL	1	211652
329	248	214	52	431	0	0	FULL	1	761206
387	193	194	0	637	21	19	FULL	2	979399
340	241	164	27	383	38	40	FULL	2	251140
320	151	320	0	603	39	40	FULL	2	142751
414	315	142	18	295	0	0	FULL	2	518955
312	211	190	1575	345	31	30	FULL	2	692767
381	275	149	2216	559	0	0	FULL	2	556410
271	215	266	15	289	6	12	FULL	1	930163
336	183	269	2557	572	12	11	FULL	4	574185
319	263	184	15	250	20	13	FULL	6	550883
380	236	139	2600	821	0	0	FULL	3	730745
262	163	292	12	790	22	28	FULL	2	978086
379	379	139	2120	413	0	0	ALL_EDGES	1	120297
310	246	230	0	424	0	0	FULL	1	550565
351	231	203	16	276	0	0	ALL_EDGES	2	915970
361	259	208	39	440	0	0	FULL	1	608032
300	196	264	15	868	0	0	FULL	1	858680
323	225	226	1567	428	0	0	FULL	3	764972
434	350	128	2593	250	0	0	FULL	1	511665
449	281	147	3274	250	18	17	FULL	3	383858
290	217	197	1712	932	0	0	ALL_EDGES	2	188802
309	190	283	0	508	0	0	FULL	8	149674
475	274	142	18	250	13	14	FULL	3	911521
344	263	171	0	349	0	0	FULL	3	990474
388	204	196	31	488	0	0	ALL_EDGES	1	513533
442	296	111	14	250	0	0	FULL	3	941404
352	173	221	0	612	13	11	FULL	2	340139
402	288	125	14	250	0	0	FULL	3	796308
346	192	219	0	575	0	0	ALL_EDGES	3	959567
368	231	194	16	1110	30	35	FULL	4	212849
311	200	234	14	591	17	19	FULL	2	496120
381	304	160	18	395	0	0	FULL	1	52752
382	288	150	0	722	19	16	ALL_EDGES	1	232934
328	165	269	14	447	0	0	ALL_EDGES	1	35474
353	198	179	0	250	21	27	FULL	1	236870
516	223	143	16	526	38	38	FULL	2	696717
349	207	271	0	561	0	0	FULL	1	389934
316	193	238	0	1458	0	0	ALL_EDGES	1	657511
592	266	111	17	250	0	0	FULL	1	597507
387	243	196	18	411	25	31	FULL	2	982247
312	208	224	14	367	0	0	FULL	2	603582
432	284	163	5560	1106	11	12	ALL_EDGES	2	203826
398	254	174	17	1570	29	35	FULL	6	727333
352	171	208	12	1150	22	20	FULL	1	336997
312	232	256	18	1145	12	20	FULL	1	556434
372	216	250	20	350	0	0	FULL	1	977643
445	244	152	16	1094	17	19	FULL	1	269545
376	332	149	3015	1065	0	0	FULL	2	66166
348	275	161	31	787	9	16	FULL	2	579357
293	257	180	13	716	21	19	FULL	2	924298
308	180	244	13	250	0	0	FULL	1	212836
341	220	206	1581	399	0	0	FULL	1	865352
324	234	205	3642	497	17	15	FULL	1	882571
398	296	158	481	484	0	0	ALL_EDGES	1	490647
342	256	177	31	1761	0	0	FULL	3	485004
304	233	190	2025	594	0	0	FULL	2	59841
226	169	353	13	361	12	13	FULL	3	532552
294	261	215	2706	250	16	18	FULL	3	72616
322	165	254	1498	587	0	0	FULL	4	284140
299	161	260	12	758	19	17	FULL	1	535650
269	152	376	4944	367	0	0	FULL	1	281033
322	256	176	14	774	11	13	ALL_EDGES	6	315974
409	266	169	18	481	25	28	FULL	2	780334
314	219	196	0	568	0	0	FULL	3	735760
327	239	185	29	736	24	20	FULL	1	217823
283	190	233	12	463	35	35	ALL_EDGES	3	182625
365	266	180	35	429	0	0	FULL	2	535688
293	218	273	17	706	10	7	FULL	1	244645
367	228	197	16	493	0	0	FULL	1	432984
329	235	161	2487	397	0	0	FULL	1	268832
438	292	98	1437	250	16	19	FULL	1	8692
486	283	146	0	919	0	0	FULL	2	915649
391	209	153	12	250	0	0	ALL_EDGES	2	65173
319	237	179	13	1528	31	30	FULL	5	41678
312	180	347	19	502	0	0	FULL	1	186927
550	291	115	3829	1014	18	17	FULL	5	31081
296	261	162	0	619	0	0	FULL	2	421192
362	193	222	0	453	0	0	ALL_EDGES	1	78933
327	179	231	13	303	17	18	FULL	4	649252
345	147	287	14	865	0	0	FULL	2	912452
387	179	224	1565	928	27	22	FULL	5	219502
420	243	182	4773	250	22	24	FULL	1	482738
412	373	127	19	587	0	0	ALL_EDGES	4	963754
480	319	130	3000	383	0	0	ALL_EDGES	1	389279
349	213	209	15	267	15	13	ALL_EDGES	1	23788
398	236	208	39	612	38	38	FULL	1	830480
392	245	192	18	1907	0	0	ALL_EDGES	3	187872
237	202	263	0	250	13	10	FULL	2	411372
450	369	99	16	714	20	25	FULL	2	207640
427	398	97	3729	488	0	0	FULL	2	946728
408	287	141	16	326	0	0	FULL	2	726543
333	189	245	31	394	0	0	FULL	1	210884
377	249	197	7455	250	0	0	FULL	2	874640
380	272	189	7878	310	0	0	FULL	2	229857
338	193	222	14	496	24	24	FULL	2	152266
288	248	204	2030	953	0	0	FULL	2	460688
404	296	147	5390	484	0	0	FULL	2	499629
349	264	201	18	374	0	0	ALL_EDGES	4	454597
318	227	214	0	260	0	0	FULL	2	294242
413	319	141	0	473	0	0	ALL_EDGES	3	4798
301	223	232	2759	250	0	0	FULL	3	667955
329	211	181	12	670	0	0	FULL	3	2663
321	271	189	0	562	22	21	FULL	2	110224
334	240	219	17	591	12	19	FULL	2	156856
352	260	137	4012	250	0	0	FULL	1	202192
334	261	166	14	347	0	0	FULL	2	964590
237	222	275	2088	250	13	8	ALL_EDGES	1	316140
330	243	218	35	250	0	0	FULL	1	472784
314	219	256	1610	446	30	32	FULL	2	183317
323	227	225	643	250	0	0	FULL	2	299592
380	277	147	2681	250	0	0	ALL_EDGES	4	407095
354	282	136	13	1252	8	8	FULL	1	263827
326	303	137	13	250	0	0	FULL	2	771641
362	221	181	2726	250	28	24	ALL_EDGES	2	422632
358	208	167	12	705	0	0	FULL	2	433210
392	240	133	12	250	13	11	FULL	1	457719
412	250	141	29	499	11	14	FULL	2	521525
417	263	141	2139	316	4	4	FULL	2	23610
504	276	112	4495	1413	30	34	FULL	1	982618
309	294	138	0	573	27	32	FULL	2	737362
414	309	98	3787	715	0	0	FULL	1	670019
329	182	326	0	250	21	23	FULL	1	890864
390	310	119	14	737	11	17	FULL	3	604925
349	234	189	1255	1333	0	0	ALL_EDGES	1	866580
223	153	367	2950	357	0	0	FULL	1	16228
291	205	245	14	508	3	6	ALL_EDGES	3	878098
437	184	205	5560	1018	23	25	FULL	1	414065
306	203	201	0	463	27	28	FULL	1	527259
261	241	247	15	2007	0	0	FULL	3	132128
332	226	207	15	319	0	0	FULL	2	4068
278	217	207	25	254	31	36	FULL	1	305878
392	281	141	15	412	0	0	FULL	2	569586
414	210	212	2035	932	11	12	FULL	1	601913
459	219	174	4427	253	0	0	ALL_EDGES	2	80254
412	240	188	18	755	13	17	FULL	1	593323
283	165	309	5582	339	0	0	FULL	1	121673
303	219	188	12	250	0	0	FULL	6	170506
356	237	196	3910	426	0	0	FULL	2	983641
380	303	117	13	709	0	0	FULL	3	422625
439	245	181	5538	807	0	0	FULL	1	440396
327	314	121	12	549	0	0	FULL	2	799240
393	321	107	13	250	0	0	FULL	1	589947
307	147	299	5737	985	0	0	FULL	1	113174
394	279	132	14	836	0	0	FULL	3	509908
389	297	134	2604	340	0	0	FULL	1	970406
356	250	174	15	500	0	0	FULL	2	613767
316	256	180	1595	427	30	27	FULL	1	152395
305	242	209	2805	581	9	8	FULL	1	265319
352	221	199	0	250	0	0	FULL	1	360874
288	253	172	800	684	0	0	FULL	2	898439
371	261	206	4400	643	37	40	FULL	1	670893
404	355	87	0	586	28	25	FULL	2	69078
388	272	118	12	1079	10	15	FULL	1	129106
294	221	192	12	1001	11	17	FULL	5	858426
508	227	152	2310	486	0	0	FULL	2	844954
292	181	292	15	250	35	35	FULL	1	560958
314	197	201	12	1346	0	0	FULL	1	603586
377	274	169	17	481	0	0	FULL	2	626182
362	270	128	4400	821	19	22	FULL	1	112916
369	255	186	1330	449	18	20	FULL	1	427048
311	208	240	0	250	16	20	FULL	1	280593
372	185	240	2277	250	0	0	FULL	1	947142
353	235	222	277	933	18	24	FULL	1	426396
340	220	234	17	590	0	0	FULL	1	3852
470	305	108	1813	553	0	0	ALL_EDGES	2	723301
302	286	232	20	1003	0	0	FULL	1	215987
426	273	133	15	250	0	0	FULL	1	329893
357	312	112	0	489	0	0	ALL_EDGES	1	694502
455	351	110	17	597	0	0	FULL	3	401517
365	239	143	12	456	0	0	ALL_EDGES	5	996591
310	242	206	31	659	0	0	FULL	1	135482
335	226	192	3320	531	0	0	FULL	2	212653
426	259	141	15	422	0	0	FULL	2	835811
329	247	178	0	1223	20	21	FULL	2	220291
316	237	179	13	769	0	0	FULL	3	663561
361	256	167	31	627	14	16	FULL	1	507357
264	209	226	0	958	6	5	FULL	1	729604
321	227	274	40	1304	13	15	ALL_EDGES	1	540917
239	188	301	8289	825	0	0	ALL_EDGES	1	745977
436	265	108	1300	845	0	0	FULL	1	329576
365	209	216	0	891	39	40	ALL_EDGES	1	195804
257	172	307	4671	999	0	0	FULL	1	468658
418	278	160	3293	437	0	0	FULL	5	937025
392	350	128	17	527	0	0	FULL	2	896275
299	208	250	0	369	0	0	FULL	3	235688
381	200	204	15	410	22	24	FULL	2	819734
331	211	178	0	1604	0	0	FULL	5	436175
331	288	142	13	907	23	27	FULL	1	389565
328	258	171	14	250	0	0	FULL	1	401655
322	167	234	12	788	0	0	FULL	2	130247
362	251	159	14	431	29	29	FULL	2	260856
343	236	192	15	449	21	15	ALL_EDGES	1	466038
332	241	195	0	649	0	0	FULL	1	707603
380	264	164	16	457	36	35	FULL	2	633876
255	147	362	1890	855	0	0	FULL	3	634778
384	222	194	1089	866	16	20	FULL	1	701939
354	228	192	0	250	32	35	FULL	6	516666
351	164	252	14	1353	0	0	FULL	1	288541
304	232	190	0	409	0	0	FULL	2	282828
317	204	257	5263	250	9	13	FULL	4	427090
375	253	174	16	250	16	12	FULL	1	626962
415	254	146	15	453	18	18	FULL	2	696382
387	236	181	3811	438	0	0	FULL	2	485688
469	209	159	15	891	0	0	FULL	2	9731
396	204	191	15	327	17	13	FULL	2	508692
370	230	228	1326	519	0	0	FULL	1	626774
471	119	224	1037	499	5	6	ALL_EDGES	4	906586
308	211	238	3286	407	0	0	ALL_EDGES	4	954167
409	242	126	0	250	28	30	FULL	1	125632
322	203	206	3739	250	0	0	FULL	12	466490
296	171	246	25	250	17	17	FULL	4	346988
331	238	210	1848	250	15	13	FULL	1	40329
262	198	337	17	831	0	0	FULL	6	262042
388	260	183	18	421	0	0	ALL_EDGES	1	944717
279	191	235	0	1013	30	25	ALL_EDGES	3	750576
279	234	223	29	250	30	31	FULL	2	519533
314	237	180	2416	1216	0	0	FULL	1	458895
272	175	261	12	250	21	27	FULL	4	118965
406	214	144	12	450	0	0	ALL_EDGES	2	360542
373	263	127	12	250	0	0	ALL_EDGES	1	215827
354	273	171	2607	639	0	0	FULL	2	76776
312	141	307	0	802	7	5	ALL_EDGES	1	119291
371	205	191	2349	440	11	16	FULL	3	756593
286	256	171	1287	432	19	20	FULL	2	865105
415	312	142	0	309	0	0	FULL	1	384873
282	229	194	1650	250	0	0	FULL	1	893136
277	195	250	13	994	0	0	FULL	1	76534
385	265	123	25	1227	0	0	FULL	1	458902
304	196	260	0	250	25	25	FULL	2	590
395	246	150	14	624	8	11	FULL	2	186857
392	206	155	0	686	17	15	FULL	2	825397
320	234	167	1050	314	18	20	FULL	1	343556
269	232	202	2787	417	0	0	FULL	1	176081
377	264	186	0	655	0	0	FULL	4	964452
328	192	246	15	1246	22	22	FULL	2	908030
532	255	122	16	632	0	0	FULL	1	686985
291	282	177	4640	301	0	0	FULL	1	899338
472	295	140	19	1184	27	33	FULL	1	752685
380	266	173	17	1251	0	0	FULL	3	662825
362	371	138	18	508	0	0	FULL	1	403467
372	226	197	16	1151	14	12	ALL_EDGES	3	208731
553	244	144	0	349	0	0	FULL	2	944140
293	272	169	2916	687	0	0	FULL	3	853042
401	216	232	0	890	0	0	FULL	1	954188
422	253	164	17	352	28	28	FULL	2	876652
344	249	193	33	552	21	23	FULL	2	308001
435	281	152	18	335	20	20	FULL	1	605205
332	226	192	0	345	0	0	FULL	2	788920
440	278	159	19	250	21	21	FULL	2	47585
337	227	190	14	250	0	0	FULL	1	760738
379	315	113	13	361	21	19	FULL	2	740715
423	309	149	39	937	0	0	ALL_EDGES	1	787353
365	225	152	0	704	0	0	FULL	1	156659
409	231	132	0	250	6	5	FULL	3	437186
334	227	231	3710	643	11	16	ALL_EDGES	4	841411
373	288	153	4488	566	0	0	FULL	1	124646
346	203	206	14	320	52	55	FULL	4	345363
413	252	149	31	250	16	18	FULL	1	587109
373	246	201	4384	847	0	0	FULL	2	109270
318	172	228	0	250	0	0	FULL	8	769644
290	180	239	25	461	0	0	FULL	1	807671
298	190	273	6804	925	0	0	FULL	4	604550
394	284	138	0	527	21	22	FULL	1	863631
284	209	261	15	1155	0	0	FULL	2	625680
399	280	139	4665	606	0	0	FULL	1	388896
401	257	151	0	1240	14	14	FULL	2	458455
288	215	316	0	394	11	9	FULL	1	823913
441	303	123	0	279	0	0	FULL	3	110859
366	211	201	2883	535	0	0	FULL	2	134546
259	145	334	0	763	19	21	FULL	1	314868
300	160	280	13	784	0	0	FULL	1	723199
354	277	158	1333	705	22	23	FULL	3	286748
349	217	257	19	454	29	31	FULL	1	508505
424	272	117	27	250	0	0	FULL	1	772028
384	245	187	1960	259	0	0	FULL	3	952535
338	203	285	19	250	0	0	FULL	1	653643
350	241	237	20	250	38	43	FULL	1	389067
344	248	235	1980	582	15	15	FULL	1	780392
324	245	220	35	992	0	0	FULL	4	170924
310	220	286	39	1119	0	0	FULL	1	865003
411	204	185	1240	891	20	21	FULL	2	580874
336	188	228	14	250	0	0	ALL_EDGES	3	549485
319	282	150	0	556	0	0	FULL	1	278109
305	216	250	16	348	8	9	FULL	3	240351
348	261	160	14	573	18	27	FULL	2	584664
292	233	274	18	250	10	10	FULL	2	702867
273	165	278	0	292	0	0	FULL	1	658030
330	244	193	0	825	0	0	FULL	3	845537
313	181	309	17	839	16	21	FULL	5	807340
370	242	172	15	519	0	0	FULL	1	691623
308	217	186	0	250	25	21	FULL	1	218603
333	199	234	0	250	0	0	FULL	2	434353
342	223	204	1054	422	26	30	FULL	2	20840
367	303	149	16	642	0	0	FULL	5	835681
352	277	128	0	596	0	0	FULL	2	633805
390	233	181	1600	250	0	0	FULL	2	507368
353	240	147	12	454	15	17	FULL	2	758642
301	193	233	13	250	0	0	ALL_EDGES	2	605555
391	304	122	0	365	17	18	FULL	1	526836
262	198	317	2887	603	0	0	FULL	2	308755
370	328	111	3105	702	46	44	ALL_EDGES	2	420308
401	260	168	4585	1223	0	0	ALL_EDGES	2	553274
425	213	215	1755	588	0	0	ALL_EDGES	2	397593
350	192	200	2997	919	0	0	FULL	1	922443
380	201	163	12	564	30	26	FULL	2	700706
423	265	147	33	1068	0	0	FULL	8	646468
381	223	171	536	250	28	24	FULL	1	127548
447	357	122	19	275	14	15	FULL	1	683921
362	310	147	16	779	0	0	FULL	1	248978
348	217	245	5365	1472	0	0	FULL	1	484004
311	264	214	17	250	0	0	ALL_EDGES	1	586429
263	200	255	999	460	13	9	FULL	9	677956
328	266	166	2711	335	0	0	ALL_EDGES	3	210596
498	269	123	1188	281	0	0	ALL_EDGES	1	706858
309	188	216	1825	500	0	0	FULL	2	684303
275	229	215	13	966	0	0	FULL	1	118723
331	224	235	17	617	0	0	FULL	1	321746
377	333	99	1412	250	0	0	FULL	2	559921
281	248	222	2511	1270	21	22	FULL	2	203848
349	246	233	20	364	0	0	FULL	1	441903
490	262	215	4840	657	38	40	FULL	2	698954
397	222	290	7063	442	0	0	FULL	2	596138
411	252	208	2429	898	14	11	FULL	1	322829
497	421	127	14681	912	5	9	ALL_EDGES	6	876133
401	310	237	29	250	0	0	FULL	1	638070
302	194	536	2520	501	14	10	ALL_EDGES	1	992433
382	334	176	0	1033	19	17	FULL	3	959593
341	260	275	1274	351	23	26	FULL	2	589681
405	344	147	20	488	15	22	FULL	6	909840
492	366	181	8580	250	12	11	FULL	1	898809
451	367	141	23	325	0	0	FULL	3	890789
355	247	279	24	250	0	0	FULL	3	808913
363	272	258	25	400	0	0	FULL	2	885532
482	395	129	5341	888	0	0	ALL_EDGES	4	467261
