284	214	189	11	753	3	12	FULL	2	450800
236	182	197	8	309	0	0	FULL	1	859064
283	226	70	1759	250	0	0	ALL_EDGES	2	578366
292	252	116	833	586	14	15	FULL	3	730394
364	225	146	12	500	32	27	FULL	1	146379
298	265	107	1700	998	29	30	ALL_EDGES	1	262360
296	166	235	11	250	38	35	FULL	2	208341
272	225	187	0	1282	18	20	FULL	1	704431
310	186	113	884	462	16	20	FULL	1	752355
273	128	100	154	714	0	0	FULL	1	248555
342	227	154	3408	372	0	0	FULL	3	754973
256	201	165	0	1343	0	0	FULL	1	280106
397	265	110	3542	1257	0	0	FULL	1	399211
186	129	189	4	421	36	36	FULL	2	454731
202	193	115	4	764	0	0	FULL	3	655554
288	236	169	11	430	35	40	FULL	2	247084
250	131	228	0	638	18	17	FULL	1	427213
284	200	79	4	477	0	0	FULL	3	177242
323	202	177	11	940	33	33	FULL	5	168341
230	230	85	0	578	0	0	FULL	1	266463
308	247	138	10	988	27	34	FULL	2	477480
312	162	228	3542	381	19	23	FULL	2	463054
360	250	128	11	585	35	34	FULL	1	558529
318	174	136	7	250	0	0	FULL	2	291735
285	128	289	1218	941	0	0	ALL_EDGES	2	253379
257	138	126	540	428	30	35	ALL_EDGES	1	44664
378	222	113	9	716	0	0	FULL	2	609879
269	164	102	652	250	0	0	FULL	1	967150
278	174	196	9	916	0	0	FULL	2	996911
343	278	89	17	994	0	0	FULL	2	589238
302	210	181	828	250	0	0	FULL	1	201692
316	181	202	5198	2000	17	19	FULL	3	634522
237	172	207	1343	392	7	10	FULL	1	993826
251	114	123	3	585	14	16	FULL	5	885040
185	140	329	841	250	0	0	FULL	1	305590
222	212	96	1624	532	0	0	ALL_EDGES	2	901775
215	182	245	2289	763	0	0	FULL	2	745816
276	206	184	0	573	20	20	FULL	4	940226
439	343	70	0	250	0	0	ALL_EDGES	1	511648
295	143	271	11	504	0	0	FULL	2	605864
303	223	111	7	250	0	0	FULL	1	415127
264	182	156	7	726	25	22	FULL	3	999279
360	250	72	6	382	8	14	FULL	1	500049
336	256	99	357	374	13	17	FULL	2	878413
371	237	131	1644	250	5	9	FULL	3	461550
217	144	302	1349	250	0	0	ALL_EDGES	2	125411
389	256	95	9	370	0	0	FULL	2	819548
278	217	190	3093	617	0	0	FULL	3	792826
269	225	124	1732	478	17	18	ALL_EDGES	1	507758
298	182	158	382	761	14	14	FULL	2	653824
306	144	170	375	1090	0	0	FULL	2	767038
252	153	271	0	365	6	6	FULL	4	122385
266	209	135	15	826	0	0	ALL_EDGES	1	338882
163	87	317	715	886	0	0	FULL	3	27102
184	106	179	3	442	0	0	FULL	1	844098
329	213	122	17	683	23	23	FULL	2	125559
344	189	100	0	250	20	21	ALL_EDGES	3	59458
298	148	169	7	843	34	37	FULL	1	805493
278	212	161	1377	764	9	11	FULL	2	193697
278	229	149	9	250	16	13	FULL	1	744964
363	258	101	1491	250	0	0	FULL	3	688742
196	165	327	0	250	0	0	FULL	1	823764
326	134	172	7	250	0	0	FULL	3	519944
247	184	187	850	1302	30	30	FULL	1	304835
227	156	126	711	250	26	29	FULL	2	263201
310	202	136	8	507	39	48	ALL_EDGES	2	233832
249	220	119	6	380	15	17	FULL	1	760586
267	198	142	0	366	0	0	FULL	3	871352
238	167	264	2656	250	0	0	FULL	1	872544
273	197	139	15	315	19	22	FULL	2	852569
173	134	196	9	250	0	0	FULL	1	74314
333	200	127	8	422	16	17	FULL	3	725048
302	233	149	10	422	0	0	FULL	1	474815
425	274	98	1978	671	23	18	FULL	1	144477
234	190	191	8	1478	24	21	FULL	5	523497
234	162	172	6	426	0	0	ALL_EDGES	5	569220
367	225	139	0	821	25	22	ALL_EDGES	6	544722
245	197	155	1027	782	39	38	FULL	1	967744
320	197	167	10	725	17	18	FULL	6	789187
185	167	178	1749	426	29	29	FULL	3	852480
280	232	116	7	613	40	44	FULL	3	492213
296	221	114	15	250	0	0	FULL	1	104975
219	185	136	555	779	0	0	FULL	2	200131
246	146	320	3024	749	4	5	ALL_EDGES	1	607476
180	151	167	9	705	22	24	FULL	2	188224
374	317	72	0	515	0	0	FULL	3	569143
297	260	97	1597	1045	0	0	FULL	5	260247
184	107	228	0	492	0	0	FULL	2	757304
299	191	184	10	1076	0	0	FULL	5	633136
241	206	151	15	483	0	0	FULL	3	129212
322	195	151	9	849	0	0	ALL_EDGES	1	806783
310	167	164	1623	498	0	0	FULL	1	596164
259	222	166	1216	642	0	0	FULL	5	913418
365	207	139	1291	250	7	6	ALL_EDGES	9	710045
423	245	82	1445	539	24	29	FULL	2	323837
311	250	149	11	510	8	13	FULL	2	562150
286	192	155	8	628	0	0	FULL	1	289606
361	180	116	7	919	0	0	FULL	5	567459
204	159	170	649	707	0	0	FULL	3	188383
267	186	231	11	268	9	6	FULL	3	442560
250	147	122	0	250	26	32	ALL_EDGES	2	876015
187	165	113	511	354	0	0	FULL	2	332481
297	249	156	1863	887	0	0	FULL	3	770856
243	166	284	0	755	15	15	FULL	2	113363
326	175	114	0	250	0	0	FULL	1	871063
306	214	176	770	875	17	15	FULL	2	358484
254	211	140	1395	755	0	0	ALL_EDGES	1	461436
303	162	173	8	400	0	0	FULL	2	342202
313	212	113	7	663	42	38	FULL	4	600264
278	165	142	6	522	0	0	ALL_EDGES	2	134769
359	204	157	1828	794	0	0	FULL	2	140961
325	162	104	0	250	0	0	FULL	2	320994
323	162	143	0	673	2	10	FULL	2	317488
320	221	119	629	554	0	0	FULL	5	472811
274	180	91	724	388	0	0	FULL	1	680893
362	183	174	3013	967	18	20	FULL	2	882792
358	267	68	19	250	0	0	FULL	2	986314
338	213	147	21	352	9	9	FULL	3	677736
278	172	157	1050	478	0	0	FULL	1	706295
284	244	151	0	677	16	18	FULL	1	482429
231	166	222	1938	608	0	0	FULL	3	935019
317	164	144	7	946	0	0	ALL_EDGES	2	399595
296	255	152	11	307	8	12	FULL	5	870895
228	220	150	7	506	1	12	FULL	1	692540
352	181	102	1293	250	19	20	FULL	1	352739
255	183	160	0	799	0	0	FULL	1	490346
278	221	154	9	724	0	0	FULL	3	852760
286	177	169	8	452	39	38	FULL	3	896579
329	210	166	2116	250	0	0	FULL	1	933851
424	293	84	10	537	0	0	FULL	2	483037
428	308	80	10	982	0	0	FULL	1	527744
328	186	188	4105	250	26	28	FULL	3	163746
307	250	149	3680	486	25	28	FULL	1	840051
341	230	147	11	359	0	0	FULL	2	52216
183	116	396	8	527	13	14	FULL	3	21090
195	154	116	3	290	18	18	FULL	2	16297
257	147	172	6	497	15	16	FULL	2	939907
317	172	156	0	1219	0	0	FULL	1	88085
324	211	168	11	447	14	13	FULL	4	626878
263	163	268	23	390	0	0	FULL	1	617594
319	143	231	2929	548	42	46	ALL_EDGES	3	658280
342	276	100	0	250	0	0	FULL	8	651448
283	169	198	3154	717	28	24	FULL	11	314593
345	208	133	532	250	0	0	FULL	1	817309
322	204	175	11	1031	0	0	FULL	1	434482
267	190	189	9	553	28	29	FULL	1	570788
280	260	159	11	487	0	0	FULL	1	751072
211	168	213	0	467	0	0	FULL	3	114034
315	210	128	1513	572	20	23	FULL	3	83047
265	153	234	418	1021	0	0	FULL	2	855253
218	193	155	1729	487	25	24	FULL	1	761543
378	253	120	1495	338	22	22	FULL	1	844358
294	233	124	0	250	0	0	ALL_EDGES	1	185145
271	188	128	6	505	0	0	FULL	1	628586
279	209	129	7	250	0	0	FULL	2	4450
218	178	193	7	761	0	0	FULL	2	971538
342	266	127	1529	1126	0	0	FULL	2	153333
328	209	139	9	479	9	14	FULL	2	222734
229	197	233	0	533	14	18	FULL	2	334547
441	261	91	2163	842	0	0	FULL	3	556054
295	198	180	0	250	16	15	FULL	1	803475
436	191	102	8	512	44	48	FULL	1	575587
267	238	86	984	474	35	36	FULL	2	436173
265	185	174	0	250	17	17	FULL	2	830502
399	287	91	10	250	8	5	FULL	4	257677
281	173	195	9	250	23	24	FULL	2	992469
243	183	169	1635	250	0	0	FULL	1	710323
323	227	157	0	250	0	0	FULL	2	60417
353	332	103	492	389	0	0	FULL	1	828291
307	233	105	0	562	0	0	FULL	5	564117
272	176	199	0	581	20	20	FULL	1	866303
267	165	124	5	687	0	0	FULL	2	597477
310	202	136	493	490	21	23	FULL	1	770639
250	172	221	9	284	0	0	FULL	2	115920
295	156	184	8	568	0	0	FULL	2	313512
268	181	155	0	490	13	13	FULL	1	660749
243	192	181	8	1069	0	0	ALL_EDGES	2	503083
281	256	104	7	878	0	0	FULL	2	521057
344	237	117	760	454	15	23	FULL	2	972908
361	181	145	0	407	19	17	FULL	2	316938
186	171	330	10	621	12	21	FULL	1	338372
201	157	207	1176	746	8	11	FULL	1	70151
261	170	169	7	648	0	0	FULL	2	24443
199	154	147	4	1229	0	0	FULL	4	569078
463	323	57	8	366	13	11	FULL	4	86335
317	203	179	11	544	0	0	ALL_EDGES	3	209288
233	172	112	261	250	19	23	FULL	1	647858
259	193	90	418	841	0	0	FULL	5	432282
314	230	104	7	250	24	25	FULL	1	169658
319	162	222	2081	439	0	0	FULL	1	176492
275	164	210	9	250	0	0	FULL	2	549962
299	232	108	7	599	37	36	FULL	1	228857
280	125	215	7	412	14	13	FULL	7	219116
323	268	99	8	1113	14	13	FULL	3	401065
264	166	149	13	432	21	21	FULL	2	989860
331	196	177	0	268	0	0	ALL_EDGES	2	896225
333	235	153	0	250	4	4	FULL	4	218914
350	276	119	3197	885	0	0	FULL	4	550758
341	270	130	732	396	5	9	FULL	4	150854
211	179	199	15	543	0	0	FULL	3	246009
283	185	163	0	361	0	0	FULL	1	726907
265	254	179	12	1347	0	0	FULL	2	830102
284	148	202	8	1140	0	0	FULL	1	208974
280	182	108	0	803	0	0	FULL	1	241344
273	191	105	5	250	16	14	FULL	1	149475
217	179	141	5	393	0	0	FULL	1	330982
224	163	96	476	1048	34	34	FULL	5	823495
239	211	188	9	526	6	12	FULL	1	246839
459	307	82	23	469	0	0	FULL	1	564653
322	239	136	10	778	0	0	FULL	3	645408
248	153	275	10	355	0	0	FULL	1	982210
300	224	141	9	527	25	29	FULL	1	653470
206	151	145	0	943	0	0	FULL	1	198635
267	161	151	6	454	8	10	FULL	2	518685
269	214	147	0	505	9	14	FULL	8	617018
284	181	184	9	645	0	0	FULL	1	246501
287	234	172	11	250	0	0	FULL	1	402103
339	121	159	13	250	0	0	FULL	1	550566
334	247	139	11	951	0	0	FULL	1	514355
263	220	200	23	1471	0	0	FULL	1	993828
343	192	174	3128	667	26	25	FULL	3	693228
313	186	206	0	922	0	0	ALL_EDGES	1	361122
247	139	160	11	250	9	11	ALL_EDGES	2	892533
417	225	101	2033	549	0	0	ALL_EDGES	2	70404
450	323	79	11	442	0	0	FULL	2	618702
344	263	127	11	512	16	20	FULL	1	62383
282	243	138	9	1092	0	0	FULL	2	954371
324	227	129	1377	484	0	0	FULL	2	859264
339	188	102	2431	358	0	0	FULL	1	13771
211	118	344	8	1102	12	10	FULL	4	917877
263	219	129	667	1086	0	0	FULL	3	309687
290	154	212	9	531	0	0	FULL	1	853873
293	184	139	7	250	0	0	ALL_EDGES	1	841117
321	275	130	0	1709	0	0	FULL	1	90972
318	259	115	361	936	0	0	FULL	1	307818
281	266	160	12	250	6	7	FULL	1	837153
281	197	81	4	770	16	11	FULL	1	785832
303	195	144	1096	411	0	0	FULL	2	638725
300	206	185	3254	712	0	0	FULL	1	124354
311	189	178	0	458	26	27	FULL	3	874065
269	164	170	1350	501	0	0	FULL	6	937168
253	216	210	11	396	13	19	FULL	3	76612
234	177	277	2300	745	0	0	FULL	1	666752
254	172	194	3527	747	18	22	FULL	4	996522
325	172	170	0	250	8	7	FULL	2	910924
212	176	147	1050	508	19	18	ALL_EDGES	3	251
300	241	62	4	528	0	0	FULL	3	3584
315	220	151	4011	250	0	0	FULL	2	475969
401	246	97	9	250	0	0	FULL	1	902733
247	200	213	1260	250	13	9	ALL_EDGES	2	338525
440	252	95	913	1461	15	19	FULL	1	338687
402	239	78	7	250	26	21	FULL	2	777543
256	226	78	9	987	0	0	ALL_EDGES	1	283300
291	187	194	10	250	0	0	FULL	4	196861
313	255	107	8	267	18	21	FULL	2	122589
219	150	258	8	270	0	0	FULL	2	310850
330	184	140	0	250	0	0	FULL	4	106146
332	316	101	10	540	28	26	FULL	3	358862
328	192	182	0	1327	18	20	ALL_EDGES	1	486393
283	152	174	3187	250	0	0	FULL	2	719947
322	220	149	1722	250	0	0	FULL	2	135039
292	225	176	11	250	23	29	FULL	1	798547
420	383	72	11	820	17	18	ALL_EDGES	8	138672
299	231	124	0	855	38	35	ALL_EDGES	1	312890
365	175	117	1102	388	13	12	FULL	2	584080
283	140	238	9	642	0	0	FULL	3	742595
281	145	210	8	339	41	37	FULL	1	806835
283	159	100	9	569	0	0	FULL	4	583061
353	239	89	0	379	16	18	FULL	2	189481
213	146	112	3	250	0	0	FULL	1	447961
361	261	122	11	530	27	28	FULL	1	836203
266	212	186	21	250	18	26	FULL	2	948663
301	186	152	2091	919	0	0	ALL_EDGES	2	825176
259	194	149	465	286	17	16	FULL	1	209752
269	209	187	1176	1266	0	0	FULL	2	426564
314	206	116	0	511	0	0	FULL	2	374117
321	166	197	0	250	0	0	FULL	2	203107
283	128	124	4	632	5	8	FULL	2	59848
220	155	133	0	1282	0	0	FULL	3	348697
339	302	103	2320	422	13	14	ALL_EDGES	1	839533
252	195	152	7	250	0	0	FULL	1	398702
338	248	137	11	349	21	23	CORNERS	1	283058
322	205	159	3139	371	0	0	FULL	1	875684
472	225	108	11	671	16	21	FULL	1	87626
318	238	139	10	417	10	15	FULL	2	429777
266	172	98	828	481	29	38	FULL	4	550137
281	185	162	0	250	17	20	FULL	1	767773
245	184	121	0	490	0	0	CORNERS	6	921390
350	247	138	12	1189	0	0	FULL	2	859844
234	179	227	9	250	0	0	FULL	5	337886
234	172	235	0	250	0	0	FULL	1	583734
239	145	159	1573	250	0	0	FULL	1	168693
266	206	119	6	400	0	0	FULL	1	832935
253	176	213	9	291	27	26	FULL	2	881790
353	150	180	9	768	26	30	FULL	2	524571
192	135	174	4	398	0	0	FULL	2	474654
383	283	107	1276	886	21	21	FULL	1	204481
271	196	141	0	946	22	19	FULL	2	673667
147	122	196	0	250	0	0	FULL	1	151097
202	154	272	425	250	21	23	ALL_EDGES	1	841206
261	206	83	4	250	27	23	FULL	2	301791
306	176	139	0	647	0	0	FULL	2	762793
346	261	128	11	877	35	40	FULL	2	221256
226	157	211	0	501	0	0	FULL	1	723899
294	216	134	8	684	29	38	FULL	1	562333
398	291	91	31	584	0	0	FULL	3	328479
342	215	143	21	606	0	0	FULL	2	388446
230	219	227	11	1252	10	12	FULL	1	111242
358	205	129	0	250	10	7	FULL	4	588784
308	217	172	1863	533	0	0	FULL	3	282654
303	216	175	11	406	25	24	FULL	1	812606
315	224	148	10	628	21	18	FULL	4	610427
475	291	83	11	250	8	4	FULL	4	537987
345	205	134	9	250	28	28	FULL	3	173896
446	272	95	1265	470	0	0	FULL	1	704556
329	281	92	0	449	0	0	FULL	5	122580
255	174	258	0	441	0	0	FULL	2	679705
234	170	112	4	499	0	0	FULL	1	754004
239	159	224	654	1466	0	0	FULL	2	44364
275	151	204	2363	534	20	20	FULL	2	119848
213	131	198	5	396	0	0	FULL	1	166574
344	248	111	9	610	10	7	FULL	2	579521
331	202	172	1081	426	16	16	ALL_EDGES	1	29243
249	222	154	8	250	28	34	FULL	1	458896
251	119	320	1282	827	16	16	FULL	1	675651
210	137	157	702	1253	0	0	FULL	1	728969
290	209	157	9	250	0	0	FULL	1	321712
359	235	101	17	250	31	34	FULL	2	368680
210	153	172	11	643	0	0	ALL_EDGES	4	372062
216	194	156	0	474	27	28	FULL	3	982366
229	215	233	11	385	0	0	FULL	1	648656
287	248	63	576	729	0	0	FULL	1	915941
335	223	113	170	371	13	17	FULL	1	270023
222	194	197	2235	494	0	0	FULL	1	180369
342	283	88	8	388	13	16	ALL_EDGES	2	935465
286	207	143	1708	364	13	16	FULL	3	825637
199	164	139	4	1457	18	21	FULL	2	94468
356	226	142	11	347	0	0	FULL	1	365112
383	219	125	21	662	0	0	ALL_EDGES	1	157032
272	201	157	1921	517	0	0	FULL	7	873791
247	166	134	0	518	15	15	FULL	1	884784
312	253	132	10	951	0	0	FULL	1	955709
282	199	187	3171	641	0	0	FULL	2	735886
280	205	148	1351	1037	25	23	FULL	1	309678
215	179	272	3255	814	0	0	ALL_EDGES	5	771241
276	148	209	17	1631	0	0	FULL	1	767779
247	182	188	1258	623	10	12	FULL	4	917172
257	177	209	19	877	0	0	FULL	1	675794
350	273	120	2081	471	31	31	FULL	6	703019
272	187	107	5	794	0	0	FULL	1	584574
232	197	164	0	717	0	0	FULL	1	848505
345	257	96	17	667	15	17	FULL	2	457930
235	119	161	423	870	14	12	FULL	4	609999
319	264	89	15	803	0	0	FULL	1	331294
418	242	84	1317	515	4	4	FULL	1	217028
253	209	198	10	363	12	12	ALL_EDGES	1	645247
296	215	134	8	971	0	0	FULL	2	780580
234	141	366	12	523	0	0	FULL	1	788731
291	161	181	8	587	17	17	FULL	3	617640
396	220	120	1764	828	0	0	FULL	1	88379
180	155	160	4	250	20	18	FULL	2	91635
309	195	141	17	633	35	41	FULL	4	641892
278	169	202	0	655	14	16	FULL	3	684211
293	252	143	924	671	18	22	FULL	1	981988
381	230	131	11	546	18	21	FULL	1	228393
381	194	128	9	250	28	25	ALL_EDGES	2	77030
333	207	138	2052	745	15	22	FULL	1	660400
312	233	103	7	266	0	0	FULL	3	226334
254	246	119	2272	524	0	0	FULL	3	413415
251	186	182	25	1404	21	28	FULL	1	404351
357	260	123	11	899	31	32	FULL	1	988200
295	244	132	19	250	16	19	FULL	1	311872
241	128	370	11	529	31	36	ALL_EDGES	2	132014
307	193	144	2210	381	24	20	FULL	1	79464
344	200	167	3438	938	7	9	FULL	1	995299
368	193	162	3691	250	0	0	FULL	3	712289
242	138	226	7	727	0	0	FULL	2	707069
349	222	136	483	614	0	0	FULL	1	763394
305	203	137	8	603	0	0	FULL	1	934731
318	172	138	892	380	0	0	FULL	1	845495
312	221	138	332	492	0	0	FULL	6	131464
238	150	182	6	1009	0	0	FULL	1	608947
316	241	98	0	419	28	28	FULL	1	998468
210	161	132	4	250	0	0	FULL	1	778607
208	171	238	8	439	17	19	FULL	4	341308
203	159	140	4	480	0	0	FULL	4	194897
317	296	91	697	425	0	0	FULL	1	935961
228	166	199	2347	393	17	21	FULL	2	578279
337	193	176	0	621	17	19	FULL	2	431376
339	216	143	10	701	25	33	FULL	2	794210
220	178	218	0	398	0	0	ALL_EDGES	1	982046
243	174	248	6300	834	5	0	FULL	1	472946
316	225	147	1165	250	0	0	FULL	1	751729
301	191	200	11	453	7	12	FULL	2	335329
299	204	173	0	250	0	0	FULL	4	529180
436	266	104	12	597	7	10	FULL	1	160023
353	256	133	12	553	5	9	FULL	1	605120
283	188	159	799	250	19	19	FULL	2	114750
233	167	218	0	664	0	0	FULL	1	525736
249	181	99	4	845	12	10	FULL	1	89176
248	183	98	1386	250	0	0	FULL	1	267704
225	120	129	3	712	15	13	ALL_EDGES	1	575202
396	350	76	4651	1297	2	2	FULL	2	919143
238	147	158	5	559	0	0	ALL_EDGES	2	980674
321	198	134	8	446	0	0	FULL	3	976596
227	156	238	8	250	0	0	FULL	1	473319
256	182	139	13	724	0	0	FULL	1	73374
305	217	159	0	416	0	0	FULL	1	218214
368	200	156	2346	723	17	18	ALL_EDGES	1	755024
313	255	131	21	250	0	0	FULL	1	749127
342	218	155	839	698	0	0	FULL	3	652252
306	270	115	1890	388	0	0	FULL	1	889433
254	187	242	3887	612	0	0	FULL	3	386723
291	233	170	1989	250	21	19	FULL	4	273275
257	211	138	0	464	0	0	FULL	1	978629
396	277	105	3381	265	0	0	FULL	2	611934
351	216	152	11	772	0	0	FULL	3	446038
272	234	134	8	945	0	0	FULL	2	337612
272	210	166	19	250	13	8	FULL	1	660680
362	197	162	0	250	6	6	FULL	1	19422
283	127	97	3	532	18	21	ALL_EDGES	3	641466
337	199	142	0	865	13	16	ALL_EDGES	1	425026
365	258	90	0	1404	0	0	FULL	1	488629
241	221	84	4	691	0	0	FULL	4	717719
312	164	127	6	642	18	18	FULL	1	766261
372	224	78	1794	528	0	0	ALL_EDGES	3	941531
319	215	153	21	364	0	0	ALL_EDGES	1	157181
281	183	184	1377	959	23	26	FULL	4	380043
261	174	187	8	353	31	34	FULL	1	999065
325	180	128	0	900	20	18	FULL	2	577738
261	228	160	19	591	17	13	FULL	2	10532
249	188	96	4	911	16	16	FULL	2	552637
253	182	186	1521	542	29	31	FULL	2	932928
320	219	151	10	691	29	30	FULL	1	859313
269	183	215	21	250	13	11	FULL	6	164651
410	202	115	3467	260	0	0	ALL_EDGES	2	349511
243	212	203	0	250	14	11	FULL	1	575452
281	171	237	11	458	0	0	FULL	10	706543
277	106	154	4	580	0	0	FULL	1	475669
219	171	120	0	346	40	41	ALL_EDGES	2	24802
229	156	182	0	495	0	0	CORNERS	1	87443
336	209	150	2194	1205	16	14	FULL	2	533420
290	152	148	0	480	0	0	FULL	3	220997
292	175	187	9	547	4	9	FULL	3	212865
453	191	122	10	250	0	0	FULL	2	450464
353	245	121	10	386	9	15	FULL	2	352691
326	230	73	5	470	0	0	FULL	2	935590
354	222	121	0	544	23	23	FULL	4	418550
439	225	117	11	304	0	0	FULL	1	893097
307	144	102	4	250	0	0	FULL	1	983565
287	205	178	2278	285	0	0	ALL_EDGES	2	825406
267	213	168	0	322	0	0	FULL	2	123930
352	301	108	11	250	38	38	FULL	2	510473
260	141	204	0	269	22	25	FULL	3	990448
334	176	179	0	975	17	13	ALL_EDGES	3	198754
171	141	188	4	433	24	28	FULL	1	313520
359	210	152	11	634	0	0	FULL	2	53813
289	221	133	1487	1031	6	4	ALL_EDGES	1	186505
343	177	189	5198	964	0	0	FULL	1	509990
389	228	129	0	767	0	0	FULL	1	4428
394	271	112	12	435	14	8	FULL	1	292621
259	161	277	11	1465	0	0	FULL	2	59320
335	205	153	1197	415	19	24	FULL	2	342733
212	105	381	450	588	29	36	FULL	1	471059
290	202	196	0	771	19	19	FULL	1	797269
311	185	148	705	250	34	38	FULL	1	809104
310	204	135	8	899	26	28	ALL_EDGES	2	636376
273	222	156	9	1080	0	0	FULL	1	342063
341	194	68	4	984	0	0	FULL	2	785456
303	178	212	11	334	5	4	FULL	2	386998
322	169	119	819	571	11	14	FULL	2	283553
304	261	95	7	895	0	0	FULL	1	200442
181	140	178	4	250	0	0	FULL	1	382949
270	213	165	0	355	0	0	FULL	1	190376
354	236	137	11	957	31	29	FULL	1	651463
319	203	146	28	427	0	0	FULL	5	807129
335	265	130	1713	405	22	22	FULL	8	323492
273	254	108	7	618	13	15	ALL_EDGES	1	464743
207	175	288	1092	350	0	0	FULL	4	449149
204	210	106	4	867	10	9	ALL_EDGES	4	518958
331	264	75	13	250	0	0	FULL	2	754344
342	249	112	9	276	0	0	FULL	1	525966
213	124	322	8	577	0	0	FULL	1	37991
351	178	136	8	415	0	0	FULL	1	921941
350	208	131	0	250	0	0	FULL	2	688435
250	192	136	6	1192	0	0	FULL	1	76944
252	136	333	1736	250	0	0	FULL	1	416707
291	188	209	0	265	0	0	FULL	2	803170
345	218	140	10	250	15	15	FULL	2	879358
428	186	132	2971	250	0	0	FULL	1	423278
261	175	165	1147	748	5	10	ALL_EDGES	1	853173
304	155	159	7	250	0	0	FULL	2	950797
337	171	129	7	1135	0	0	FULL	3	273055
293	155	99	0	250	20	20	ALL_EDGES	1	496205
270	146	216	17	1037	34	34	ALL_EDGES	1	196191
268	185	150	15	722	22	22	CORNERS	1	533767
181	144	172	3105	2000	38	36	FULL	1	379587
179	139	221	0	339	0	0	FULL	1	188250
258	208	197	1953	400	23	23	FULL	1	627451
263	162	129	5	250	0	0	FULL	2	675141
208	140	155	504	941	0	0	FULL	2	463487
294	163	240	11	685	0	0	FULL	2	961833
340	296	114	23	557	0	0	FULL	2	245824
272	178	247	4116	1055	0	0	FULL	1	463331
337	280	122	11	830	31	34	FULL	1	651757
316	241	111	8	700	17	17	FULL	2	96855
345	241	90	0	388	6	9	FULL	2	167987
247	204	169	1861	503	16	20	FULL	3	677833
270	208	186	1701	691	0	0	FULL	1	545693
271	174	180	17	412	0	0	FULL	1	684582
377	191	160	0	250	0	0	FULL	4	722317
309	188	180	0	500	0	0	FULL	1	62360
253	176	213	9	445	0	0	FULL	4	678532
260	212	81	4	478	20	23	FULL	2	306497
270	177	220	0	820	46	42	FULL	6	977827
257	197	109	1105	527	0	0	FULL	1	530908
327	181	143	459	365	32	33	FULL	1	829755
197	158	145	4	250	20	23	FULL	1	53601
295	170	169	705	250	21	20	FULL	1	600231
223	173	142	5	658	0	0	FULL	2	167404
283	170	155	0	842	22	23	ALL_EDGES	1	850507
301	204	172	0	814	0	0	ALL_EDGES	1	290153
282	200	151	8	250	9	12	FULL	2	700346
234	124	190	11	1061	10	11	FULL	1	746057
290	279	142	0	968	0	0	FULL	2	73224
322	168	101	1061	669	31	32	FULL	5	575062
371	282	110	0	250	11	16	FULL	1	271235
264	234	187	2357	521	0	0	FULL	4	485357
260	231	142	8	250	18	18	FULL	2	38567
298	209	136	8	351	0	0	ALL_EDGES	1	670177
223	169	145	1567	556	24	25	FULL	2	795835
254	149	304	11	783	0	0	FULL	2	965204
271	156	272	11	353	27	31	FULL	2	531211
450	295	87	11	394	0	0	FULL	3	717423
383	254	118	0	476	3	3	FULL	2	709592
350	185	178	0	292	31	39	FULL	3	140255
312	212	173	11	268	0	0	FULL	3	869435
268	169	165	7	250	0	0	FULL	1	914499
248	190	159	0	250	10	6	FULL	3	687566
254	190	177	0	302	0	0	FULL	2	153617
258	195	150	7	619	0	0	ALL_EDGES	3	10809
287	176	228	3519	796	21	22	FULL	2	699113
293	158	141	6	350	0	0	FULL	3	627780
200	122	225	5	445	0	0	ALL_EDGES	6	542801
326	236	136	1764	250	0	0	FULL	7	779264
297	200	143	8	436	20	22	FULL	2	660464
368	266	118	3622	849	0	0	FULL	5	877637
227	192	103	1678	1254	23	24	FULL	5	212104
332	209	108	1170	613	11	16	FULL	2	889520
430	261	103	2622	413	0	0	FULL	1	208373
381	315	88	21	271	0	0	FULL	2	614550
363	225	80	6	250	26	33	ALL_EDGES	2	988527
285	200	202	11	309	0	0	FULL	2	654068
325	207	111	1867	764	0	0	ALL_EDGES	4	134660
402	266	108	11	430	28	29	FULL	2	657473
335	222	154	908	921	7	8	LONG_EDGES	3	443450
219	115	219	632	1042	0	0	FULL	2	997762
247	186	142	351	299	34	42	FULL	1	540489
328	170	171	1330	446	0	0	FULL	2	558740
309	215	113	1597	442	26	32	FULL	2	840212
201	168	162	5	876	13	14	FULL	1	733577
292	202	194	11	630	7	8	FULL	2	174897
316	230	145	1417	638	0	0	FULL	1	764624
209	158	136	9	250	0	0	FULL	2	654516
284	231	129	8	250	0	0	ALL_EDGES	1	67526
408	272	104	11	250	17	16	FULL	1	539060
321	204	160	10	250	39	43	FULL	2	80153
239	164	216	0	469	30	25	FULL	1	29714
263	172	255	11	652	16	16	FULL	3	162230
212	153	171	5	720	0	0	FULL	1	371390
244	188	185	8	250	15	15	ALL_EDGES	4	436293
313	161	229	11	754	0	0	ALL_EDGES	1	876614
229	151	303	0	664	20	19	FULL	1	165076
339	238	143	2955	481	13	18	FULL	3	136847
261	183	157	1155	806	0	0	FULL	8	127173
263	199	220	11	318	24	25	FULL	2	749171
299	213	118	0	250	35	31	FULL	2	101897
231	141	229	7	398	0	0	FULL	1	140082
437	230	84	0	566	0	0	FULL	2	708932
250	219	155	8	722	7	2	FULL	2	626498
346	186	132	8	443	0	0	FULL	3	323022
368	290	108	0	250	18	20	FULL	3	452971
302	234	163	3266	367	0	0	FULL	3	237926
359	189	170	0	360	0	0	FULL	1	37634
334	214	147	21	907	0	0	FULL	2	758036
277	218	124	1545	250	0	0	FULL	1	552132
284	168	94	382	396	12	12	ALL_EDGES	3	538729
340	261	84	0	250	10	8	FULL	3	61713
288	163	224	21	944	42	39	FULL	1	396725
277	177	174	8	403	0	0	ALL_EDGES	1	694989
281	116	321	4924	1023	4	9	FULL	1	766057
314	226	92	6	298	0	0	FULL	1	420534
317	286	115	2919	411	0	0	FULL	1	785100
189	160	148	0	498	0	0	ALL_EDGES	1	918495
342	275	91	3017	250	12	13	ALL_EDGES	1	86141
266	207	209	11	485	0	0	FULL	1	966928
336	231	110	8	571	0	0	FULL	5	955457
392	234	131	1056	613	0	0	FULL	2	146951
217	171	120	4	390	11	11	FULL	2	629228
263	200	198	21	250	23	24	FULL	4	340822
362	216	134	21	488	0	0	FULL	1	758124
230	178	183	15	601	7	8	FULL	1	682714
261	158	133	0	1220	0	0	FULL	1	284585
318	252	144	11	250	0	0	FULL	1	368211
217	188	208	8	250	0	0	FULL	2	809482
262	176	141	6	1879	0	0	FULL	1	699270
212	138	155	715	572	0	0	FULL	1	212487
298	188	153	8	581	0	0	FULL	2	856625
299	194	147	8	250	0	0	FULL	2	720332
241	162	296	2139	817	30	31	FULL	1	66179
268	172	206	9	453	0	0	ALL_EDGES	5	413048
189	121	420	19	1029	32	29	FULL	2	742720
242	169	283	11	365	0	0	FULL	1	541334
332	193	148	9	250	18	29	FULL	1	604862
307	207	134	8	1065	36	41	FULL	2	937223
186	150	162	0	250	0	0	FULL	3	769879
341	239	116	0	438	0	0	FULL	4	520180
338	238	143	23	294	0	0	FULL	2	558097
267	154	135	5	723	0	0	FULL	1	426512
246	199	175	17	538	21	26	ALL_EDGES	3	229301
282	177	151	0	250	0	0	FULL	2	480983
258	215	153	2839	464	25	28	FULL	2	233937
277	203	151	17	490	17	19	FULL	1	924061
425	228	98	1434	291	0	0	FULL	2	237661
231	141	138	1089	250	23	26	FULL	1	938470
297	233	138	1662	673	11	8	FULL	1	3844
346	238	92	1440	276	0	0	FULL	1	263062
215	130	232	6	250	5	6	FULL	2	811760
387	169	130	0	856	19	22	FULL	4	162344
296	242	132	541	1616	0	0	FULL	1	896024
350	219	149	11	1367	26	25	FULL	1	220246
342	262	128	0	987	12	8	FULL	2	54204
253	154	142	0	612	0	0	FULL	3	659421
303	231	164	11	250	0	0	FULL	1	298520
285	221	182	11	1511	42	41	FULL	3	673763
215	204	272	0	706	29	35	FULL	1	153334
261	202	86	4	250	35	35	FULL	3	208106
295	181	216	2415	789	12	7	FULL	2	115668
376	234	130	2518	433	35	40	FULL	1	686099
284	214	139	8	321	0	0	FULL	2	145381
255	147	94	619	303	9	13	ALL_EDGES	1	913349
264	216	211	1260	250	0	0	FULL	4	819407
265	170	100	4	812	0	0	FULL	2	490813
378	328	97	12	417	24	21	FULL	1	78608
322	194	136	705	250	0	0	FULL	3	904823
283	187	160	8	857	28	26	FULL	2	483889
310	176	210	3990	566	26	31	ALL_EDGES	2	775954
267	127	163	660	638	0	0	FULL	1	302410
344	213	116	731	341	27	26	FULL	2	932375
234	144	192	1150	424	25	32	FULL	3	456957
347	232	80	6	250	21	21	FULL	1	296132
350	298	111	0	400	0	0	FULL	1	314394
247	190	117	5	396	27	33	FULL	3	343122
248	219	120	13	580	0	0	FULL	1	167104
461	290	86	11	335	0	0	FULL	3	601390
400	320	82	10	1002	0	0	FULL	1	570016
289	207	125	982	551	15	17	FULL	5	883722
215	137	187	0	887	2	7	FULL	3	369811
381	177	172	11	411	0	0	FULL	4	336434
414	287	80	0	529	12	17	FULL	2	369317
267	184	172	8	707	0	0	FULL	1	606060
274	194	178	1035	250	36	39	FULL	2	410638
220	195	151	1703	404	0	0	ALL_EDGES	1	916590
224	168	307	0	504	36	37	FULL	1	92528
265	218	200	0	1171	0	0	FULL	2	67827
279	203	185	10	411	0	0	FULL	1	446358
249	208	233	3108	449	19	20	FULL	3	973269
225	155	244	8	404	14	9	FULL	3	372661
266	181	240	11	732	22	24	FULL	4	693506
297	185	209	11	250	16	20	FULL	2	501385
228	190	196	8	467	0	0	FULL	3	136578
305	208	181	11	373	16	14	FULL	1	71933
282	232	176	11	441	0	0	FULL	2	909368
347	251	109	19	395	4	1	FULL	1	140285
288	197	204	11	572	0	0	FULL	1	763450
281	188	143	7	1133	0	0	FULL	5	973265
315	216	169	11	620	11	13	ALL_EDGES	1	376344
262	235	138	8	829	0	0	FULL	2	224963
234	178	254	3643	290	38	37	FULL	1	152102
233	176	207	8	820	23	23	FULL	1	483905
242	155	120	4	250	0	0	ALL_EDGES	2	846169
276	191	124	6	413	18	24	FULL	1	618445
188	163	146	4	250	0	0	FULL	1	537769
280	142	188	1807	1285	0	0	FULL	1	840135
302	235	120	8	250	8	6	ALL_EDGES	2	774471
302	197	176	0	757	21	22	FULL	4	912120
235	166	115	0	863	27	29	FULL	2	292526
344	293	95	9	357	28	24	FULL	3	281851
335	138	163	7	1926	30	32	FULL	1	776457
343	203	122	0	250	13	9	FULL	2	106814
295	225	172	11	984	0	0	FULL	1	677260
284	218	186	1069	250	0	0	FULL	1	201458
337	213	119	1870	673	29	31	ALL_EDGES	2	575744
212	210	190	8	648	0	0	FULL	3	2004
385	184	77	2145	395	24	25	FULL	3	780208
253	201	128	6	418	28	29	ALL_EDGES	1	576702
414	202	114	0	250	0	0	FULL	1	447655
353	169	193	1288	250	0	0	FULL	1	2150
233	169	216	0	353	0	0	FULL	5	587126
245	172	130	5	726	28	27	FULL	2	502980
269	261	164	977	704	0	0	FULL	1	57124
332	241	145	1874	315	10	9	FULL	1	889509
365	213	147	437	762	13	11	ALL_EDGES	1	995804
270	205	171	2071	968	32	36	FULL	2	406746
251	188	95	4	419	22	27	FULL	2	848103
290	205	76	4	675	4	13	FULL	2	791734
207	148	179	5	853	0	0	FULL	1	586051
293	201	161	0	1029	0	0	FULL	3	584005
294	241	163	0	444	0	0	FULL	1	284346
388	216	101	943	724	30	39	FULL	3	36083
301	215	132	0	630	14	15	ALL_EDGES	2	422282
330	239	95	7	1205	0	0	FULL	3	622874
275	228	136	8	250	0	0	FULL	4	594131
288	222	164	10	594	21	23	FULL	3	535409
274	220	141	3187	974	12	10	FULL	1	215195
430	137	195	11	845	17	23	FULL	2	968991
262	189	211	0	250	0	0	FULL	2	773571
256	109	162	4	339	20	18	FULL	3	766187
273	199	156	1377	475	0	0	FULL	1	356800
313	173	157	731	415	30	31	FULL	1	635082
315	245	149	11	656	13	14	FULL	1	369114
231	203	159	7	949	0	0	FULL	3	407569
257	167	222	9	453	0	0	ALL_EDGES	1	274390
213	155	227	7	964	0	0	FULL	1	44547
398	274	110	2868	393	13	19	ALL_EDGES	1	981246
275	203	80	4	250	0	0	FULL	1	173738
167	142	231	5	250	0	0	FULL	2	609188
246	178	216	9	464	0	0	FULL	2	182013
320	349	67	772	250	0	0	FULL	3	925621
345	220	125	1605	601	0	0	FULL	3	42748
320	242	148	2323	1450	0	0	FULL	3	233036
342	243	66	5	755	24	30	FULL	2	59213
352	236	127	0	1037	0	0	FULL	1	731499
335	202	170	23	494	0	0	FULL	1	236927
295	213	119	0	434	18	18	ALL_EDGES	4	926285
255	193	214	10	250	0	0	FULL	3	344593
240	190	164	15	728	16	20	FULL	4	611111
188	140	172	4	415	0	0	FULL	1	396584
261	197	166	8	646	15	14	FULL	1	517667
402	199	94	2100	935	16	18	FULL	4	731179
242	169	209	255	604	0	0	FULL	2	870203
269	177	243	11	250	22	22	ALL_EDGES	5	966611
394	273	112	3864	560	0	0	FULL	3	365215
297	226	127	8	956	33	37	FULL	2	109663
248	176	196	8	456	0	0	FULL	1	731809
362	163	127	7	429	22	23	FULL	1	924768
302	264	143	11	250	9	5	FULL	1	978230
462	351	40	6	250	0	0	FULL	3	902588
382	242	157	29	401	0	0	ALL_EDGES	1	789004
324	230	221	0	577	0	0	FULL	2	515794
290	154	347	31	1111	0	0	FULL	2	102692
366	280	132	2700	332	0	0	FULL	1	876978
321	247	184	5147	1023	0	0	FULL	1	373642
326	205	203	13	546	0	0	FULL	1	137660
350	227	195	15	564	0	0	FULL	2	825179
380	217	187	15	1155	10	12	FULL	1	179028
415	221	158	14	424	0	0	FULL	3	68978
288	190	265	14	285	38	41	CORNERS	7	107300
364	266	129	2000	334	21	22	FULL	1	731606
308	231	260	4477	361	30	29	FULL	1	144550
340	219	194	14	570	0	0	FULL	1	408984
304	286	178	15	1011	12	6	FULL	10	966020
288	211	223	0	1825	0	0	CORNERS	3	94367
277	196	231	12	357	0	0	FULL	3	782116
315	234	264	39	615	0	0	FULL	2	644550
286	140	312	0	491	0	0	FULL	3	647347
343	279	131	0	250	0	0	FULL	1	735391
417	282	132	31	722	27	33	FULL	1	768346
343	267	190	17	503	21	23	FULL	3	219032
388	292	137	15	250	22	23	FULL	1	503203
298	193	235	675	486	0	0	FULL	1	17739
314	213	186	25	250	0	0	FULL	1	754942
384	204	185	29	250	0	0	FULL	1	68616
348	202	192	13	385	2	2	FULL	5	627043
306	229	179	2112	275	0	0	FULL	5	19408
352	244	180	15	1106	0	0	ALL_EDGES	2	816166
308	273	231	10510	2000	38	39	FULL	1	806951
254	223	220	0	250	0	0	ALL_EDGES	2	209913
289	219	197	0	345	0	0	FULL	1	23651
477	305	134	39	1774	0	0	ALL_EDGES	2	305020
300	203	239	14	488	15	17	FULL	1	167950
334	183	253	0	480	0	0	FULL	5	572947
330	230	177	13	815	9	13	FULL	6	404561
313	175	265	3900	492	19	21	ALL_EDGES	2	440935
445	265	123	43	250	0	0	FULL	1	47211
366	297	180	0	479	0	0	FULL	2	290948
211	172	425	15	739	0	0	FULL	1	190399
349	233	203	16	632	38	30	FULL	2	209534
333	203	185	12	250	34	38	FULL	1	88401
323	268	157	0	280	0	0	ALL_EDGES	1	816931
301	239	216	0	1283	10	4	FULL	1	817186
488	336	95	1333	315	14	8	FULL	2	456714
288	248	175	1300	250	0	0	FULL	3	484289
326	253	236	19	250	0	0	FULL	3	401551
306	229	206	4466	250	35	35	FULL	2	708554
372	229	194	0	893	0	0	ALL_EDGES	1	494842
359	239	192	16	447	0	0	FULL	2	482873
419	189	157	0	269	0	0	FULL	2	817510
398	249	146	14	837	0	0	FULL	1	814235
338	193	207	0	250	0	0	ALL_EDGES	1	632629
405	298	162	19	1543	0	0	ALL_EDGES	1	789965
432	287	133	2392	400	0	0	FULL	1	51910
386	260	134	13	1125	0	0	FULL	1	262759
328	198	239	4433	250	32	32	FULL	2	799114
362	242	154	13	450	0	0	FULL	1	139734
440	269	157	37	331	0	0	FULL	2	291769
306	176	286	1984	250	36	38	ALL_EDGES	2	379364
415	219	170	15	331	30	30	FULL	2	197182
404	261	138	29	757	11	9	FULL	1	157146
272	204	226	3650	548	0	0	FULL	1	466676
536	199	173	18	250	0	0	FULL	1	606851
334	237	170	13	420	0	0	FULL	1	550839
297	255	205	15	327	26	27	FULL	2	781721
289	257	208	3642	615	0	0	FULL	1	246388
424	320	122	0	325	0	0	FULL	6	442166
342	243	150	12	790	0	0	FULL	2	388975
265	194	243	2575	981	0	0	FULL	1	270129
469	326	127	3042	479	22	27	FULL	2	823434
379	308	150	1452	250	17	19	FULL	2	321190
406	310	154	19	505	21	22	ALL_EDGES	5	413523
504	274	126	0	250	16	20	FULL	1	596345
273	190	297	15	479	0	0	FULL	1	243187
305	169	301	15	371	7	13	FULL	2	28804
312	157	276	0	479	22	26	FULL	5	87532
318	223	219	4154	658	7	10	ALL_EDGES	2	523843
354	217	202	4324	830	0	0	ALL_EDGES	1	856678
384	173	188	3287	823	0	0	ALL_EDGES	4	88044
255	249	227	14	343	0	0	FULL	2	29595
280	262	210	0	1286	0	0	ALL_EDGES	2	190146
322	226	199	14	644	16	19	FULL	1	283041
401	337	137	1591	486	0	0	FULL	2	954594
389	199	252	19	468	18	22	FULL	1	984103
363	265	140	3955	250	22	21	ALL_EDGES	1	330499
340	260	164	14	589	24	26	FULL	2	579443
275	185	304	15	437	0	0	FULL	2	652974
384	261	125	4237	250	29	32	FULL	1	70928
345	284	158	15	522	0	0	FULL	1	16195
334	223	262	19	1032	0	0	FULL	4	978093
400	322	105	0	250	20	19	FULL	2	452534
527	178	214	20	250	0	0	ALL_EDGES	2	83987
331	211	237	16	250	0	0	ALL_EDGES	7	859694
372	257	182	3115	250	19	22	FULL	2	216275
309	274	183	0	626	17	20	FULL	2	65053
537	283	89	13	525	18	22	FULL	1	416185
288	270	199	15	250	0	0	FULL	2	209712
290	295	146	0	1392	0	0	FULL	2	629054
254	249	245	15	406	0	0	FULL	1	309399
307	202	202	12	403	0	0	ALL_EDGES	2	485328
511	390	93	0	490	0	0	FULL	2	535172
285	186	237	2625	662	0	0	FULL	1	470553
422	350	105	0	1382	0	0	FULL	1	892914
402	303	119	2494	1109	14	11	FULL	3	34559
400	184	170	12	250	23	20	FULL	7	794152
435	321	132	18	580	0	0	ALL_EDGES	1	214622
343	219	193	14	768	0	0	ALL_EDGES	2	717436
331	208	212	14	359	12	17	FULL	2	609200
406	190	201	46	618	10	6	FULL	1	724142
355	243	225	4407	382	0	0	FULL	1	802165
302	198	208	12	1455	0	0	FULL	1	446377
299	163	276	0	1253	15	18	FULL	3	888583
296	171	266	0	1214	21	23	ALL_EDGES	2	810642
435	330	94	0	596	16	20	FULL	1	496118
388	255	177	3692	660	21	22	FULL	2	477195
380	236	173	15	250	23	28	ALL_EDGES	3	798791
465	217	173	17	761	0	0	FULL	1	635047
451	226	152	31	250	16	13	FULL	1	429705
492	306	133	20	324	32	36	FULL	2	27865
318	281	139	0	256	0	0	CORNERS	4	274037
388	243	164	15	250	22	27	FULL	3	825833
344	277	205	4738	608	27	29	FULL	1	864861
276	198	339	18	404	0	0	FULL	2	610366
353	235	163	13	549	0	0	ALL_EDGES	1	188717
351	200	207	14	353	0	0	FULL	2	296398
394	272	144	2542	250	1	5	FULL	3	233944
373	307	144	16	250	4	2	FULL	2	88386
452	301	143	4095	383	12	13	FULL	1	654142
249	183	274	12	431	33	34	FULL	2	615636
373	248	216	0	1101	0	0	FULL	4	926557
403	202	190	3255	250	0	0	FULL	2	374217
288	184	255	3834	250	9	12	FULL	2	503444
370	199	225	0	250	35	35	FULL	2	898294
412	306	154	19	250	0	0	FULL	3	51916
291	250	269	19	518	3	8	FULL	1	514489
300	233	194	7506	1584	0	0	FULL	1	964125
396	277	168	18	504	0	0	FULL	2	301369
403	294	114	0	906	23	28	FULL	1	659303
398	218	179	3503	335	0	0	FULL	2	686898
393	276	153	2788	441	0	0	ALL_EDGES	3	753597
325	244	233	2978	250	0	0	ALL_EDGES	3	859424
290	211	236	0	250	25	26	FULL	1	600013
292	247	201	0	250	0	0	FULL	1	793386
273	250	198	6439	1213	27	28	FULL	2	252573
301	207	264	0	250	0	0	FULL	4	256144
310	122	410	3084	370	0	0	FULL	7	104017
391	265	149	6355	346	0	0	FULL	1	991339
467	169	248	0	1285	14	15	FULL	1	721339
414	228	175	2310	910	0	0	FULL	2	313472
362	255	169	2960	622	0	0	FULL	9	147367
298	219	192	12	250	0	0	FULL	6	578081
357	189	274	18	463	0	0	ALL_EDGES	2	706010
306	229	207	855	645	0	0	FULL	2	558659
327	200	283	0	1646	34	37	FULL	3	483302
273	241	236	15	1373	0	0	FULL	2	482761
310	258	231	4865	698	24	25	FULL	1	697849
487	299	134	0	671	0	0	ALL_EDGES	1	719764
387	224	190	16	250	40	39	FULL	2	221573
364	209	203	0	737	0	0	FULL	1	386714
337	274	168	2139	820	0	0	FULL	1	502650
285	169	303	1276	419	0	0	FULL	2	512826
303	265	168	13	715	21	20	FULL	1	605737
252	195	358	35	506	0	0	ALL_EDGES	1	738198
367	222	179	0	906	0	0	FULL	2	479268
366	248	160	1102	654	0	0	FULL	2	556814
263	206	287	15	635	15	19	FULL	1	694663
242	143	477	0	1273	11	10	FULL	4	865454
356	199	246	0	1486	29	33	FULL	5	324432
347	227	158	1475	417	15	16	FULL	2	460771
294	208	205	12	493	0	0	FULL	1	731561
317	239	258	19	423	0	0	ALL_EDGES	1	218933
362	267	129	25	530	23	26	FULL	3	795136
279	238	204	0	277	0	0	FULL	2	937863
442	278	126	2588	781	0	0	FULL	5	235116
352	264	135	925	435	0	0	FULL	2	666663
344	164	221	12	250	0	0	FULL	2	813514
279	222	203	0	250	0	0	FULL	1	397955
375	278	187	19	1244	0	0	FULL	1	430731
327	261	216	18	250	5	5	FULL	3	451579
254	174	329	4408	250	0	0	ALL_EDGES	5	963163
243	212	341	4165	250	0	0	FULL	2	333281
364	310	146	1666	666	0	0	FULL	2	504863
437	155	184	2400	1597	21	23	FULL	3	935120
398	245	159	15	476	5	10	FULL	2	579940
370	245	170	0	931	18	22	FULL	6	885469
405	265	135	14	483	42	42	FULL	1	720711
303	178	250	0	947	0	0	ALL_EDGES	3	376277
348	265	168	15	414	0	0	FULL	8	808364
446	355	104	16	250	7	12	FULL	3	448330
315	224	278	0	670	0	0	FULL	4	454313
403	216	225	3022	556	28	30	FULL	1	316728
328	218	175	0	466	0	0	FULL	1	699755
437	339	112	0	1227	23	24	FULL	1	617255
317	220	208	14	985	0	0	ALL_EDGES	3	447462
411	245	124	25	741	0	0	FULL	1	643146
312	198	217	0	330	24	30	FULL	1	127527
459	225	160	16	250	0	0	ALL_EDGES	1	98623
323	226	185	1566	668	0	0	FULL	4	468681
272	250	228	2356	250	23	21	FULL	3	338590
404	280	172	8307	290	28	30	FULL	1	834747
382	258	157	0	575	11	14	FULL	1	102620
