251	206	146	7	528	0	0	FULL	1	246823
304	200	140	8	454	9	6	FULL	1	348965
234	136	141	382	393	0	0	FULL	2	619252
256	234	108	877	250	0	0	FULL	2	762458
303	228	152	304	626	0	0	FULL	5	367249
304	234	119	0	802	33	36	FULL	2	374767
294	211	186	264	356	22	20	FULL	1	361492
294	239	107	7	603	9	11	FULL	2	786307
242	143	131	4	627	0	0	FULL	1	293693
284	155	171	0	250	26	27	FULL	1	174856
287	157	210	9	378	25	32	FULL	1	35960
308	216	113	1237	532	33	34	FULL	3	383816
250	194	176	0	915	0	0	FULL	3	257866
325	148	176	620	1626	35	39	FULL	1	949678
253	236	192	0	250	27	26	FULL	1	3724
309	211	115	15	633	0	0	FULL	1	117000
213	182	116	0	539	0	0	ALL_EDGES	1	826289
345	245	112	9	595	21	21	FULL	1	187769
345	284	107	10	711	0	0	FULL	3	975817
233	149	130	864	509	0	0	ALL_EDGES	4	784585
317	197	168	0	250	0	0	FULL	4	686883
274	147	236	1890	476	27	37	FULL	2	217724
278	172	197	2736	769	19	20	FULL	6	161737
293	183	196	1669	313	0	0	FULL	2	462601
314	190	142	1088	510	0	0	FULL	3	246842
254	198	168	620	1503	0	0	FULL	1	532828
328	170	134	0	250	0	0	FULL	1	11363
277	156	219	0	544	0	0	FULL	1	641697
266	140	229	8	480	0	0	FULL	1	38956
182	140	255	19	260	0	0	FULL	2	930745
369	214	146	563	473	20	28	FULL	4	779618
324	223	131	9	1245	0	0	FULL	3	385516
302	193	198	0	250	0	0	ALL_EDGES	2	398077
375	250	122	2898	361	19	19	FULL	1	752959
291	122	211	727	483	19	24	FULL	3	5222
256	221	133	930	522	0	0	FULL	1	74652
283	193	193	21	250	0	0	FULL	2	256977
215	142	148	4	1089	17	23	FULL	2	809058
225	175	165	6	405	5	3	FULL	1	46531
219	210	98	666	744	0	0	FULL	1	802090
303	181	155	0	482	0	0	FULL	9	992848
324	253	115	0	565	29	25	FULL	2	946191
300	233	122	2975	250	25	27	FULL	1	46402
276	156	197	0	584	0	0	FULL	1	496447
250	180	122	5	390	0	0	FULL	5	678299
292	237	166	3680	733	0	0	FULL	3	737705
409	163	127	535	525	0	0	FULL	7	678392
321	208	127	0	546	26	29	ALL_EDGES	2	748125
361	236	135	0	981	0	0	ALL_EDGES	2	247548
276	157	220	9	915	0	0	FULL	1	962980
301	215	178	23	992	7	14	FULL	5	560369
276	237	160	10	787	0	0	FULL	1	403625
299	235	164	0	596	0	0	FULL	2	8169
268	190	147	0	266	0	0	FULL	2	767028
313	214	127	0	1027	12	13	FULL	1	874680
323	206	157	10	250	0	0	FULL	3	514732
292	241	121	8	805	20	19	FULL	2	162067
299	241	160	1069	250	0	0	FULL	4	940260
510	301	75	11	822	0	0	ALL_EDGES	2	646255
344	223	137	0	700	12	20	FULL	1	714397
266	191	207	10	980	0	0	FULL	5	812204
391	232	116	2583	585	6	9	ALL_EDGES	1	867035
310	213	175	2357	462	15	15	FULL	2	727161
469	132	170	955	369	19	23	FULL	2	358853
239	126	149	13	339	0	0	FULL	1	56618
265	173	251	4761	342	0	0	FULL	2	540543
266	207	208	11	669	0	0	FULL	2	180804
225	154	131	1552	815	0	0	FULL	1	454694
305	229	164	851	780	0	0	ALL_EDGES	1	303459
294	203	193	0	250	0	0	ALL_EDGES	4	616421
359	299	98	2919	330	6	6	FULL	1	585265
266	210	187	10	972	0	0	FULL	1	254523
256	189	176	0	430	0	0	FULL	8	554211
351	256	84	7	422	0	0	FULL	5	427707
334	168	169	9	816	0	0	FULL	3	933187
346	259	106	3629	250	0	0	FULL	1	663772
320	235	100	7	529	31	33	FULL	6	712142
360	231	126	1753	306	0	0	FULL	2	935070
325	224	165	2844	500	33	30	FULL	1	985057
256	147	147	5	942	26	22	FULL	3	472277
253	146	122	4	460	9	11	FULL	6	168975
462	271	96	24	728	21	18	FULL	4	27956
438	238	91	370	732	0	0	FULL	2	202838
247	114	159	0	873	0	0	FULL	1	980267
286	210	125	1860	1126	0	0	FULL	3	828532
280	241	156	10	651	0	0	FULL	2	56425
315	254	132	0	708	4	7	FULL	1	289938
223	187	107	1489	551	32	28	FULL	2	886726
196	171	195	1521	250	26	30	ALL_EDGES	3	801780
283	211	194	0	329	0	0	FULL	1	250346
334	250	102	3298	416	7	12	FULL	1	652590
275	189	125	1254	250	0	0	FULL	2	649923
242	202	195	9	843	37	39	FULL	3	152422
262	220	165	0	568	24	31	FULL	3	749808
236	179	177	7	968	0	0	ALL_EDGES	3	803965
207	187	168	6	404	0	0	FULL	4	268429
381	235	117	10	998	0	0	FULL	10	11183
329	172	150	799	688	28	27	FULL	1	538688
312	173	139	0	250	20	25	FULL	2	531114
409	252	116	12	470	28	28	FULL	1	51074
349	234	141	11	605	30	28	ALL_EDGES	1	896721
295	209	188	11	478	10	9	FULL	1	820929
356	279	115	1426	250	0	0	FULL	1	364889
215	194	156	1059	388	12	11	FULL	11	564080
292	202	128	360	250	18	16	ALL_EDGES	1	760928
319	304	98	9	440	26	26	FULL	1	291553
270	218	196	11	250	0	0	FULL	2	69967
294	216	189	12	641	26	30	FULL	4	584884
300	224	172	23	255	0	0	FULL	2	441436
289	173	229	0	1803	0	0	FULL	3	558634
226	140	143	4	1465	0	0	FULL	1	982577
293	185	120	0	928	17	8	FULL	1	634586
296	186	136	15	828	0	0	FULL	1	86199
347	180	152	9	431	22	19	FULL	3	742825
211	171	125	9	1137	0	0	FULL	1	904019
266	192	166	17	346	0	0	FULL	2	460107
211	214	100	4	537	0	0	FULL	1	95487
200	101	222	4	555	0	0	FULL	1	6007
296	206	140	850	688	31	35	FULL	2	647340
267	149	265	1554	250	10	16	FULL	1	863204
213	170	287	0	694	0	0	FULL	2	641267
314	214	141	9	250	0	0	FULL	4	181094
235	155	234	2227	870	0	0	FULL	4	471868
227	187	176	1027	300	12	16	FULL	1	802494
249	158	242	9	597	17	22	FULL	1	509134
242	168	135	5	823	0	0	FULL	2	698262
350	243	135	11	250	0	0	ALL_EDGES	2	901527
294	164	155	7	279	0	0	FULL	1	864987
282	169	178	0	262	14	17	ALL_EDGES	1	946475
292	228	157	10	537	0	0	FULL	4	666318
282	236	142	2394	408	0	0	FULL	3	504070
208	168	215	15	263	0	0	FULL	2	924380
301	238	147	1774	306	0	0	FULL	2	630030
403	244	117	805	311	0	0	FULL	1	634770
287	166	199	9	502	22	25	FULL	2	248655
346	227	134	1228	250	0	0	FULL	2	405330
299	227	140	0	955	0	0	FULL	4	23439
385	322	97	12	250	11	9	FULL	1	371076
317	228	160	11	250	0	0	FULL	3	619445
237	194	228	2656	450	23	28	FULL	1	514686
271	153	157	0	250	0	0	FULL	1	752261
327	269	108	9	458	0	0	ALL_EDGES	3	512910
318	197	136	1623	250	0	0	FULL	1	78097
296	217	116	3637	1198	0	0	FULL	2	696247
218	170	201	1845	2295	0	0	FULL	3	816585
236	191	210	19	297	8	5	FULL	1	249691
246	198	195	0	250	0	0	FULL	5	652011
252	201	168	8	250	0	0	FULL	1	726344
293	208	189	11	647	31	36	FULL	1	101627
312	197	122	7	250	0	0	FULL	5	388425
296	205	174	3055	495	10	18	FULL	3	941407
348	211	157	11	523	16	13	FULL	4	33503
264	145	220	824	575	0	0	FULL	4	350971
314	284	107	9	487	23	25	FULL	2	748021
297	193	130	1357	250	19	20	FULL	2	80295
336	256	87	0	413	0	0	FULL	3	781107
177	138	142	626	250	0	0	FULL	2	282631
337	270	127	0	260	18	23	FULL	1	379985
224	184	158	6	657	0	0	FULL	1	991739
187	161	182	0	389	0	0	FULL	2	136989
251	182	187	8	1178	0	0	FULL	1	877686
364	227	139	0	546	0	0	FULL	3	440016
274	170	203	1282	595	0	0	FULL	2	746452
228	152	158	5	336	36	35	CORNERS	1	701087
221	142	143	625	779	21	20	FULL	1	558669
279	167	225	10	595	0	0	FULL	1	396967
290	201	163	978	707	0	0	FULL	1	524790
437	317	83	11	251	17	14	FULL	2	310742
283	216	123	0	1139	0	0	FULL	2	420747
312	235	102	2707	899	0	0	FULL	1	547849
180	146	134	3	250	0	0	FULL	3	612453
323	241	148	1943	447	0	0	FULL	1	585803
287	191	155	8	809	0	0	FULL	4	627214
277	230	118	7	938	17	20	FULL	1	534744
219	192	106	522	917	0	0	FULL	1	959957
289	186	176	1577	250	0	0	FULL	1	198917
368	249	125	2553	601	0	0	ALL_EDGES	7	660370
253	213	140	555	250	28	27	FULL	2	463652
301	229	123	8	344	25	26	ALL_EDGES	8	334928
311	195	189	11	487	16	20	FULL	1	829060
287	157	211	1035	601	0	0	FULL	3	289636
327	251	140	0	250	31	30	FULL	1	825420
415	278	100	11	250	18	18	FULL	4	192247
225	150	252	0	250	18	21	FULL	3	648715
333	226	100	7	250	17	21	FULL	1	638977
306	185	115	1144	347	28	27	FULL	3	802157
322	204	114	555	463	12	10	FULL	2	299358
291	242	121	0	357	0	0	FULL	1	8437
214	182	141	5	366	0	0	FULL	2	571877
410	269	96	10	250	0	0	FULL	2	120594
270	219	161	2175	591	0	0	FULL	2	57358
239	168	238	1567	745	25	28	FULL	3	838902
333	236	109	8	900	18	17	FULL	1	666754
297	166	234	11	250	0	0	ALL_EDGES	1	666776
335	242	93	1395	250	0	0	FULL	1	153048
272	187	168	969	250	7	12	ALL_EDGES	2	116272
335	232	109	0	250	0	0	FULL	1	162859
278	169	138	6	633	0	0	FULL	5	233365
233	120	161	4	513	0	0	FULL	1	245923
356	210	127	0	401	0	0	FULL	1	969984
362	244	96	8	1306	0	0	FULL	6	35068
193	148	122	675	523	12	14	FULL	2	42921
265	207	83	0	250	11	9	FULL	1	50906
285	183	221	678	489	0	0	FULL	11	976330
296	238	163	1736	565	0	0	FULL	3	295587
286	214	139	8	632	21	18	FULL	2	263152
397	217	121	10	1236	0	0	FULL	1	862421
249	229	184	0	347	0	0	FULL	4	320283
229	171	192	7	407	29	29	FULL	2	504714
251	174	195	0	413	2	7	FULL	1	572955
335	163	192	10	250	15	12	ALL_EDGES	3	353077
280	186	223	11	250	0	0	FULL	1	738477
218	137	150	900	791	0	0	FULL	2	339089
380	252	120	23	250	28	25	FULL	5	777195
274	254	137	2432	767	0	0	FULL	1	238488
302	198	143	0	380	0	0	FULL	1	818657
333	173	165	9	388	0	0	ALL_EDGES	3	26459
252	164	157	994	250	0	0	FULL	2	96894
276	202	117	6	331	17	21	FULL	1	975648
295	203	125	0	333	0	0	FULL	2	753751
345	288	75	367	445	0	0	ALL_EDGES	2	22440
219	182	262	1039	299	32	34	FULL	2	350149
247	176	173	1957	279	0	0	FULL	2	911479
376	229	110	9	250	0	0	FULL	1	268398
280	181	208	10	344	11	6	ALL_EDGES	2	163823
284	142	211	8	293	12	14	FULL	3	326029
247	203	209	10	697	0	0	ALL_EDGES	2	210038
192	157	280	8	327	0	0	FULL	2	839986
286	194	152	722	1210	15	16	FULL	4	541955
276	189	182	560	250	0	0	FULL	5	65044
300	206	170	10	469	0	0	FULL	1	75256
336	240	143	23	820	0	0	FULL	2	566962
319	163	144	7	503	36	42	FULL	1	487390
286	209	174	2383	952	0	0	FULL	1	735227
320	199	86	1716	442	0	0	FULL	2	815883
326	191	185	11	447	0	0	FULL	2	65571
239	194	97	909	465	0	0	FULL	2	249912
335	265	129	1564	530	0	0	ALL_EDGES	1	187749
343	179	172	0	250	39	35	FULL	4	50355
235	170	289	0	311	0	0	FULL	2	11731
314	211	173	0	389	0	0	FULL	2	481101
332	217	62	756	769	0	0	FULL	2	303560
306	283	109	0	637	0	0	FULL	2	192997
282	231	84	308	250	0	0	FULL	3	777504
307	188	200	11	675	33	36	FULL	1	24352
340	267	93	0	336	0	0	FULL	8	10146
247	167	256	0	710	0	0	ALL_EDGES	1	626604
276	191	200	10	553	0	0	FULL	1	92427
255	201	185	2099	590	22	25	FULL	2	273570
283	164	184	8	250	0	0	FULL	2	21568
278	224	72	4	250	15	18	FULL	4	838854
182	160	358	0	598	0	0	FULL	2	338110
297	200	127	0	1243	0	0	FULL	1	790239
335	236	107	8	361	0	0	FULL	2	373513
279	165	185	425	250	0	0	FULL	2	231110
336	281	90	8	250	14	10	ALL_EDGES	1	231612
338	184	88	0	472	0	0	FULL	1	184059
202	177	153	313	416	0	0	ALL_EDGES	2	845990
254	199	169	2456	362	0	0	FULL	2	875048
297	219	131	0	250	0	0	FULL	2	867207
291	170	152	7	403	0	0	ALL_EDGES	1	362822
377	263	116	11	911	29	29	FULL	2	490451
272	245	173	11	1370	2	2	FULL	2	755755
248	174	128	5	863	28	27	FULL	2	580056
231	133	275	2363	1014	0	0	ALL_EDGES	1	759282
303	173	143	7	585	0	0	ALL_EDGES	2	252432
242	161	115	4	250	13	12	FULL	3	661792
226	146	136	1300	849	15	13	FULL	1	789714
237	174	134	1127	470	13	18	ALL_EDGES	2	49213
238	150	126	9	638	20	25	FULL	1	284501
241	143	304	2373	250	0	0	FULL	2	486331
236	169	88	3	699	0	0	ALL_EDGES	1	93719
236	202	178	2261	730	0	0	FULL	1	403903
315	188	143	0	555	0	0	FULL	1	225508
284	224	165	21	432	0	0	FULL	3	301097
261	207	102	5	1082	0	0	FULL	1	882244
251	204	225	460	539	16	14	FULL	3	196103
319	183	180	10	739	0	0	FULL	1	212386
347	217	87	793	479	0	0	FULL	1	380335
336	205	152	10	275	12	15	ALL_EDGES	3	80702
249	148	150	533	1157	0	0	FULL	1	930273
236	200	137	6	555	17	23	FULL	1	527726
300	217	115	0	703	20	23	FULL	1	1857
307	176	139	0	791	14	17	FULL	1	796967
363	228	115	19	1065	10	10	FULL	2	588630
429	340	79	1265	455	16	17	FULL	1	127586
335	207	108	7	690	0	0	ALL_EDGES	2	839129
345	137	223	2079	388	26	27	ALL_EDGES	1	310073
264	179	75	952	697	25	27	FULL	2	70614
253	194	174	8	454	9	16	FULL	1	127873
282	191	139	885	400	37	42	FULL	2	336058
297	242	119	17	509	7	9	FULL	1	860016
232	183	248	10	500	0	0	FULL	4	525132
390	217	124	21	250	0	0	FULL	4	497491
267	245	130	2439	482	16	21	FULL	2	214590
279	204	184	0	474	0	0	FULL	1	923398
228	172	294	11	1003	0	0	ALL_EDGES	1	131158
213	138	254	7	250	16	16	FULL	1	355967
246	143	186	1969	996	8	12	FULL	2	684792
252	196	151	7	250	0	0	FULL	1	740258
395	258	83	8	518	0	0	FULL	1	315637
362	193	107	7	571	5	7	FULL	1	696815
231	210	195	1273	250	0	0	ALL_EDGES	3	646133
259	208	158	8	742	0	0	FULL	4	98621
255	161	184	2002	348	0	0	FULL	3	744102
261	185	238	1989	536	4	0	FULL	5	559353
276	223	138	8	250	11	10	FULL	2	569091
190	112	212	4	489	11	14	FULL	3	989113
288	218	151	9	712	18	18	FULL	3	465475
290	142	205	0	1039	0	0	ALL_EDGES	2	772785
274	161	171	7	637	15	18	FULL	3	463100
302	202	190	2886	520	0	0	FULL	1	36363
234	137	359	11	427	21	22	FULL	2	741252
274	211	164	2223	672	0	0	FULL	8	661010
341	218	100	1095	250	0	0	FULL	2	402802
302	197	177	378	310	0	0	FULL	1	574237
295	195	200	11	250	18	14	FULL	3	142167
278	195	138	15	321	0	0	FULL	4	727757
344	188	132	8	350	20	18	ALL_EDGES	4	854869
374	295	77	8	441	0	0	FULL	1	325543
353	253	129	11	618	0	0	FULL	3	38473
416	175	131	1966	379	12	16	FULL	1	676500
322	194	120	690	276	16	20	FULL	2	362253
365	265	119	23	1424	0	0	FULL	3	349767
336	217	103	7	500	0	0	FULL	1	789152
319	166	141	7	438	38	37	FULL	1	400468
240	104	140	7	250	31	31	FULL	2	27497
238	145	159	1089	625	0	0	FULL	4	206834
260	162	249	21	443	25	25	ALL_EDGES	2	794098
315	182	210	12	494	9	11	FULL	1	587762
331	202	158	0	250	0	0	ALL_EDGES	4	40910
274	229	104	6	450	0	0	FULL	1	908286
372	262	97	0	1012	30	34	FULL	1	995593
277	189	143	7	575	9	14	ALL_EDGES	3	216089
223	182	136	5	931	0	0	FULL	2	357257
314	177	135	0	837	0	0	ALL_EDGES	2	261235
366	207	99	7	250	0	0	FULL	3	228662
320	221	120	17	1103	0	0	FULL	2	814270
227	182	110	315	542	23	23	FULL	1	171210
324	210	66	346	631	0	0	FULL	1	811623
227	203	119	5	834	10	13	FULL	2	522523
301	242	157	2484	974	12	19	FULL	1	127119
277	162	167	967	250	14	19	FULL	1	492128
323	187	192	1782	1231	0	0	ALL_EDGES	3	929133
215	158	133	0	769	0	0	FULL	2	584575
281	187	143	7	304	0	0	FULL	1	903269
362	292	71	15	362	8	9	FULL	1	977236
283	236	173	920	445	26	31	FULL	1	452869
275	175	197	0	828	13	18	FULL	3	935388
237	159	120	4	250	0	0	FULL	1	775563
232	155	237	875	838	31	31	FULL	1	180003
323	213	109	7	250	12	13	FULL	2	813251
286	192	155	2031	364	0	0	ALL_EDGES	2	157745
215	149	172	462	250	20	18	FULL	2	180152
283	287	129	21	668	20	17	FULL	2	703735
248	158	115	508	372	0	0	FULL	2	497972
248	156	194	7	250	0	0	FULL	4	479494
273	185	148	0	413	16	21	FULL	1	622914
263	138	123	0	656	9	10	FULL	3	288809
424	270	91	10	250	0	0	ALL_EDGES	3	718716
211	204	175	660	250	24	23	FULL	1	464773
298	201	192	1276	748	4	2	FULL	3	633643
246	153	226	1946	643	0	0	ALL_EDGES	1	925161
243	193	138	0	456	0	0	FULL	1	156960
269	182	193	2052	250	0	0	FULL	2	9922
238	172	185	7	295	19	20	FULL	1	678892
248	202	130	0	250	0	0	ALL_EDGES	1	76768
255	188	156	1087	399	43	44	FULL	1	673056
279	221	138	8	1095	0	0	FULL	6	863589
205	128	211	5	461	21	24	FULL	1	388303
238	132	303	0	250	0	0	LONG_EDGES	1	362543
249	166	205	3340	805	29	29	FULL	6	735101
409	206	136	11	1022	15	15	FULL	3	135618
277	153	201	0	860	15	17	FULL	3	827030
249	185	141	13	888	22	23	ALL_EDGES	5	80819
258	233	157	9	587	17	22	FULL	1	905479
215	184	216	8	683	23	24	FULL	3	406273
348	214	142	10	689	30	35	FULL	2	973858
330	176	130	1245	433	0	0	FULL	1	862961
318	206	175	11	250	0	0	FULL	2	816101
346	338	90	1659	605	15	10	FULL	2	74099
217	170	230	8	835	26	23	ALL_EDGES	3	995846
274	181	192	0	328	12	14	FULL	3	453257
259	198	185	9	458	0	0	FULL	1	563930
260	139	206	1155	550	21	20	FULL	6	727787
215	141	115	3	630	21	22	FULL	1	961656
307	236	118	2847	340	0	0	FULL	10	693211
278	180	239	12	522	19	17	FULL	1	654004
360	252	127	0	1025	17	16	FULL	2	61148
203	196	113	0	477	0	0	FULL	1	116105
276	233	133	8	1786	0	0	FULL	6	444021
322	213	167	11	546	0	0	FULL	5	400273
278	195	213	2208	543	12	17	FULL	1	143397
265	189	170	8	450	0	0	FULL	3	898499
283	237	141	2128	536	0	0	FULL	1	128719
180	119	210	0	1168	28	27	FULL	3	455606
309	198	195	12	327	0	0	FULL	2	202374
249	151	119	4	250	19	16	FULL	6	172663
246	141	246	816	250	19	20	FULL	1	570423
261	146	118	4	416	0	0	FULL	2	701833
278	169	96	4	256	0	0	FULL	1	221262
367	275	114	11	817	39	42	ALL_EDGES	3	743916
263	159	180	7	728	0	0	FULL	1	46942
256	203	220	3852	660	0	0	FULL	3	352460
335	151	227	11	719	0	0	FULL	2	446090
228	163	121	0	435	0	0	FULL	1	319611
237	136	140	2362	1229	26	29	CORNERS	2	249005
326	225	116	17	784	0	0	FULL	3	803358
321	216	122	8	250	0	0	FULL	1	861983
298	210	119	832	509	0	0	ALL_EDGES	3	829800
246	236	181	10	973	40	38	FULL	5	333938
237	220	181	19	423	26	24	ALL_EDGES	4	236505
211	140	185	1083	505	24	26	FULL	1	922290
241	246	195	138	250	13	14	FULL	1	423275
347	242	137	11	578	7	12	FULL	1	708059
231	177	111	9	580	10	8	FULL	6	458191
209	157	230	15	529	0	0	FULL	1	325471
306	164	230	11	967	0	0	FULL	3	925276
232	139	139	724	385	7	11	FULL	1	962265
189	112	211	4	481	31	34	ALL_EDGES	5	168601
282	184	165	790	250	0	0	FULL	3	713709
312	209	115	0	269	0	0	ALL_EDGES	1	581164
304	231	164	0	250	0	0	ALL_EDGES	1	173587
265	155	134	0	469	28	33	FULL	4	344334
271	218	178	3475	288	10	11	FULL	1	328695
437	281	78	0	565	0	0	FULL	5	528322
358	166	126	7	301	14	12	FULL	1	856243
351	251	119	4210	686	0	0	FULL	1	745970
286	188	196	10	250	0	0	FULL	1	118713
215	134	156	4	541	7	13	FULL	1	828802
262	189	111	5	250	10	16	FULL	2	837131
249	140	215	7	1526	20	17	FULL	1	838720
225	149	163	5	1147	0	0	ALL_EDGES	1	759209
255	197	209	0	1127	15	10	FULL	1	330895
250	198	231	23	577	6	7	FULL	1	923800
302	224	125	8	683	9	6	FULL	1	745302
248	143	155	5	382	0	0	ALL_EDGES	5	152659
232	159	311	23	460	24	25	FULL	1	354259
240	172	229	0	732	22	23	FULL	2	709754
299	207	137	17	375	23	24	FULL	3	262835
223	134	183	627	508	0	0	FULL	2	928490
358	270	120	1966	479	0	0	FULL	1	612023
346	260	128	2495	952	0	0	ALL_EDGES	1	730231
299	260	109	8	250	0	0	FULL	2	555660
374	289	97	21	460	14	11	FULL	3	257134
294	219	133	8	327	11	10	FULL	2	521498
264	142	279	0	1092	0	0	FULL	5	422845
330	208	153	10	250	0	0	FULL	4	193457
218	166	208	1470	1515	0	0	FULL	1	165330
295	165	237	11	250	11	11	ALL_EDGES	2	122304
323	216	151	10	398	0	0	FULL	1	654108
286	201	200	2242	637	16	16	FULL	1	913409
338	250	136	11	650	20	20	FULL	1	698273
300	167	150	7	420	42	37	FULL	1	632454
252	177	259	11	250	24	24	FULL	3	752970
293	133	193	937	1068	0	0	FULL	3	166457
185	152	265	1905	441	0	0	ALL_EDGES	2	483333
298	251	154	11	593	0	0	FULL	1	646798
316	262	126	10	372	10	15	FULL	1	147916
310	204	165	0	505	0	0	ALL_EDGES	1	929670
422	243	113	0	1136	33	37	FULL	4	119695
197	99	179	1571	973	0	0	FULL	1	480135
229	169	116	0	420	0	0	ALL_EDGES	2	461334
273	130	269	1434	403	0	0	FULL	2	339257
380	205	97	7	1472	0	0	FULL	1	724809
259	175	121	968	488	0	0	FULL	1	550333
284	228	100	845	250	0	0	FULL	1	781213
370	243	105	9	1045	16	16	FULL	1	784669
207	163	254	0	577	0	0	FULL	2	629076
341	227	149	0	712	28	30	FULL	3	38425
278	186	145	15	433	0	0	ALL_EDGES	2	350660
344	192	98	1014	336	39	35	ALL_EDGES	1	644935
228	199	99	0	250	24	24	ALL_EDGES	1	405567
254	171	126	5	250	0	0	FULL	4	165479
342	286	87	8	446	33	32	FULL	1	45079
313	247	97	255	345	0	0	FULL	1	295972
292	216	119	7	997	0	0	FULL	2	470945
238	222	142	0	551	0	0	FULL	1	504316
264	199	143	15	558	0	0	FULL	2	781549
237	245	198	23	571	0	0	FULL	4	717120
229	193	239	10	873	26	27	FULL	2	456444
284	136	195	2932	729	0	0	FULL	1	888626
387	225	86	2955	797	36	41	FULL	2	38818
286	206	127	7	373	0	0	FULL	6	546277
269	253	170	11	628	0	0	FULL	1	624164
257	236	190	3634	499	0	0	FULL	2	771056
285	132	253	0	250	0	0	FULL	1	442349
297	196	197	1644	502	0	0	FULL	4	252984
355	225	132	2268	468	0	0	FULL	4	788836
334	191	149	0	344	0	0	FULL	1	995867
239	159	119	1093	566	0	0	FULL	1	524515
276	278	157	12	250	13	15	FULL	1	681177
221	191	177	0	471	0	0	FULL	1	27769
379	192	131	9	327	0	0	FULL	2	23369
268	165	192	8	1113	23	22	FULL	3	839788
245	186	186	238	1273	0	0	FULL	4	218166
342	230	108	8	442	19	21	FULL	2	182616
328	191	184	11	363	0	0	FULL	7	909589
275	201	136	7	250	0	0	ALL_EDGES	3	97896
252	134	223	2077	591	12	14	FULL	2	969805
291	201	94	748	529	0	0	FULL	1	475500
291	197	131	0	683	37	40	FULL	1	549726
389	248	119	11	250	0	0	FULL	2	47752
208	156	169	5	467	23	22	FULL	2	354809
392	232	94	8	250	22	23	FULL	2	323514
234	182	224	9	250	0	0	FULL	2	971107
225	145	321	2236	250	0	0	FULL	7	896299
302	224	126	8	2066	0	0	FULL	2	81711
358	236	137	11	1035	0	0	FULL	1	608931
260	239	137	8	666	20	22	FULL	1	670410
281	199	188	10	255	0	0	FULL	3	693910
372	265	117	1150	1522	0	0	FULL	4	750256
337	211	119	2924	445	17	20	FULL	2	325096
324	231	160	1272	816	0	0	FULL	3	315816
216	162	186	6	605	0	0	FULL	1	128488
360	248	128	1196	553	0	0	FULL	2	798570
398	247	86	8	407	0	0	FULL	6	719836
219	155	251	8	490	12	16	ALL_EDGES	2	910789
290	206	176	1155	557	25	28	FULL	2	325979
281	180	208	1753	512	0	0	FULL	2	193671
213	179	196	1140	250	17	22	FULL	1	806641
320	198	181	11	1250	17	25	FULL	1	686197
289	244	107	7	287	9	11	FULL	4	497911
335	215	159	11	492	16	16	FULL	2	925070
312	200	152	9	250	22	26	FULL	2	203534
284	223	151	3524	1084	0	0	FULL	1	752526
237	148	158	1666	522	0	0	FULL	4	357162
449	303	84	0	1286	13	19	FULL	1	729419
306	198	190	11	250	0	0	ALL_EDGES	1	845205
256	206	143	7	371	0	0	FULL	1	315548
296	202	176	0	471	24	33	FULL	6	562877
240	201	156	7	867	0	0	FULL	1	195974
274	168	119	5	415	0	0	FULL	1	783987
344	225	149	11	1078	0	0	FULL	1	216502
319	221	106	7	810	20	19	FULL	1	400582
319	178	203	529	395	0	0	FULL	1	542073
421	206	98	2244	1246	15	17	FULL	2	648645
199	167	106	0	552	0	0	FULL	1	420242
203	134	311	17	516	12	6	FULL	2	529083
301	204	187	0	956	23	26	FULL	2	178343
241	226	192	0	1458	0	0	FULL	3	598968
258	180	139	6	724	0	0	FULL	4	750302
280	173	196	9	834	0	0	FULL	1	90131
235	164	117	513	361	24	32	ALL_EDGES	4	939874
217	178	116	4	648	18	18	FULL	2	639726
365	210	150	0	274	0	0	FULL	1	275133
336	210	120	0	651	31	34	FULL	3	379745
261	180	182	535	250	26	28	FULL	1	256659
216	119	253	799	521	24	28	FULL	2	252188
353	222	153	12	1153	25	28	FULL	2	266071
304	177	102	0	1026	0	0	ALL_EDGES	1	660907
299	140	107	0	250	6	1	ALL_EDGES	1	877596
296	161	179	0	1066	21	24	FULL	1	356251
311	254	120	9	250	0	0	FULL	1	549646
314	191	109	6	878	0	0	FULL	2	699416
284	185	162	2074	549	0	0	FULL	2	755812
404	239	119	11	250	0	0	FULL	3	865446
259	196	147	15	962	23	21	FULL	2	606103
232	151	212	577	709	0	0	FULL	2	261874
315	229	76	5	270	14	15	ALL_EDGES	1	599808
267	168	212	9	478	5	3	FULL	1	596723
283	176	191	9	435	35	38	FULL	1	478263
315	145	164	0	406	15	14	FULL	3	697603
322	216	165	11	299	0	0	FULL	2	764798
258	183	224	3244	250	0	0	FULL	5	911576
206	157	325	588	960	0	0	FULL	6	263936
439	235	111	0	302	0	0	FULL	1	722975
319	127	184	7	422	19	22	FULL	4	587773
304	203	187	0	250	18	19	FULL	1	706373
269	204	82	0	333	20	25	FULL	2	598493
264	214	150	0	364	0	0	FULL	2	546551
243	154	148	0	707	0	0	FULL	1	59650
314	212	143	9	601	45	32	FULL	2	893920
313	220	110	7	505	8	6	FULL	2	173667
229	179	206	8	1696	0	0	FULL	1	896876
223	166	176	1443	1209	17	21	FULL	2	997492
328	257	137	1863	403	12	8	FULL	2	106450
293	174	227	2265	1768	0	0	FULL	2	908924
333	206	168	2438	790	0	0	FULL	4	471037
291	203	144	748	384	0	0	FULL	2	97683
251	152	197	7	515	11	10	FULL	3	964230
319	295	80	7	265	0	0	ALL_EDGES	1	690654
248	160	191	1305	250	0	0	FULL	1	699111
258	178	164	7	490	22	25	FULL	3	134957
304	222	126	0	1479	15	14	FULL	7	812701
339	252	100	0	462	16	16	FULL	1	562459
285	183	183	845	250	0	0	FULL	1	257772
286	228	99	507	706	0	0	FULL	2	476663
339	203	166	11	250	7	10	FULL	1	584607
234	172	285	11	876	0	0	FULL	3	863977
342	228	122	9	707	20	21	FULL	2	467310
308	224	108	757	250	8	9	FULL	4	220456
289	207	159	9	544	15	18	FULL	2	399757
313	273	135	11	736	0	0	FULL	4	455911
268	171	120	5	1192	0	0	FULL	3	249934
292	126	288	0	311	33	37	FULL	10	556712
284	220	191	12	521	0	0	ALL_EDGES	4	205763
455	166	126	0	250	38	46	FULL	6	120893
195	169	197	6	1036	0	0	FULL	4	363467
340	215	143	1942	250	0	0	FULL	2	242752
467	307	80	23	466	0	0	FULL	1	55244
324	159	146	7	434	0	0	FULL	2	485954
301	227	154	840	616	0	0	FULL	1	70025
281	153	198	8	842	14	11	FULL	1	711004
283	207	128	1042	517	0	0	ALL_EDGES	1	88816
339	322	105	1897	250	10	13	FULL	2	155676
334	256	100	8	412	19	21	FULL	1	210969
269	167	166	7	451	27	27	FULL	2	97956
291	153	146	474	393	1	6	FULL	3	491050
310	169	163	1657	1042	31	36	FULL	3	922753
246	182	167	7	250	0	0	FULL	2	637619
277	191	180	1301	532	0	0	FULL	2	201468
335	275	114	10	814	0	0	FULL	1	821914
420	199	137	1046	250	24	31	FULL	2	883834
354	232	140	3496	802	0	0	ALL_EDGES	1	337371
276	225	170	10	1225	0	0	FULL	2	186560
321	220	162	0	250	34	32	FULL	1	291541
342	220	113	578	250	29	28	FULL	2	240099
219	179	216	8	844	0	0	FULL	8	921832
243	118	158	1678	346	0	0	FULL	2	998033
314	313	76	7	517	0	0	CORNERS	1	311859
261	173	122	0	292	23	22	ALL_EDGES	1	389568
343	205	163	2139	459	0	0	ALL_EDGES	3	430215
292	282	91	15	250	30	34	FULL	1	343537
218	133	155	499	387	0	0	FULL	1	483037
364	305	104	1610	354	19	21	FULL	2	697117
230	174	113	13	451	33	31	FULL	3	303678
415	306	67	8	877	0	0	FULL	2	54527
341	284	119	563	250	0	0	FULL	4	179416
322	245	146	11	250	34	35	FULL	2	379673
174	132	195	657	250	0	0	FULL	9	433890
385	288	104	11	491	33	31	FULL	1	157167
288	152	194	1963	418	23	21	FULL	3	587885
300	181	138	2190	300	0	0	FULL	1	727744
273	183	170	8	452	9	12	FULL	2	16565
300	208	136	0	1026	0	0	FULL	1	69144
434	250	106	655	360	0	0	FULL	4	216300
294	204	176	10	483	15	17	FULL	2	576616
271	197	197	10	580	21	17	FULL	1	186722
274	193	142	15	479	9	12	FULL	2	216162
252	159	162	994	250	0	0	FULL	1	740538
195	145	124	3	266	0	0	FULL	1	834719
308	137	226	9	561	10	15	FULL	3	986959
324	234	85	1202	1118	6	13	FULL	1	843790
297	167	170	8	250	23	24	FULL	2	130514
267	146	115	4	379	28	35	FULL	2	949064
266	193	107	473	1134	0	0	FULL	1	281526
326	213	165	11	491	15	13	FULL	2	557429
360	338	95	2058	427	0	0	FULL	5	882286
300	240	118	8	598	0	0	FULL	3	670041
276	250	166	2173	568	24	29	FULL	1	644919
234	150	128	981	250	0	0	FULL	3	249613
306	236	159	1656	316	0	0	FULL	5	937795
236	169	137	0	422	7	3	FULL	1	25381
337	235	120	0	387	27	23	FULL	1	821125
447	243	106	1437	250	0	0	FULL	1	996746
315	265	126	1165	1117	10	8	FULL	2	178182
205	150	113	3	320	0	0	FULL	1	763940
282	195	208	598	254	0	0	FULL	5	773432
231	173	113	2556	1081	6	7	ALL_EDGES	4	998197
304	267	149	2928	412	0	0	FULL	1	393614
293	155	165	0	250	0	0	FULL	1	709618
374	248	124	11	260	42	45	ALL_EDGES	1	340437
204	133	165	756	860	8	8	FULL	2	469700
291	208	124	1155	1404	0	0	FULL	4	749792
300	146	149	1501	410	14	14	FULL	2	341550
301	185	135	1995	250	0	0	FULL	1	840151
270	225	173	21	654	24	29	FULL	2	366789
293	196	166	9	739	11	11	FULL	1	373553
292	171	232	3174	618	0	0	FULL	1	636313
340	185	167	10	469	0	0	FULL	2	802469
287	191	173	9	556	0	0	FULL	3	205297
300	226	140	0	386	12	16	FULL	1	66910
203	170	132	4	648	30	32	FULL	2	516099
269	224	124	7	1622	0	0	FULL	1	942843
222	191	201	8	250	0	0	FULL	1	233107
270	228	138	8	484	2	8	FULL	2	41754
345	264	116	10	468	24	23	FULL	1	105248
302	234	149	10	266	0	0	FULL	1	988097
208	147	314	1681	250	22	21	FULL	2	336530
307	201	170	724	468	0	0	FULL	1	167881
435	301	73	1121	250	0	0	FULL	2	657167
317	199	135	8	356	20	15	FULL	1	330583
236	169	188	0	369	13	10	FULL	2	816620
306	229	108	555	1651	0	0	FULL	5	158397
230	167	142	5	320	0	0	FULL	1	977273
178	135	186	1017	492	0	0	FULL	4	987856
257	163	227	2508	1162	14	15	FULL	2	765032
285	239	66	4	250	0	0	FULL	8	433202
321	191	74	4	997	0	0	FULL	1	808374
297	210	168	1354	350	0	0	FULL	2	828955
322	220	106	2047	1549	0	0	FULL	1	562951
272	187	207	2352	437	42	40	FULL	1	592973
294	198	129	1215	250	5	11	FULL	4	136670
256	218	171	9	362	0	0	FULL	2	942086
313	201	167	10	850	31	33	FULL	2	100576
359	225	105	2516	488	15	15	FULL	4	756508
270	155	178	7	438	0	0	FULL	1	948422
280	200	151	8	250	35	33	FULL	1	235530
328	251	91	7	389	0	0	FULL	3	505755
242	163	140	5	1217	0	0	FULL	2	839478
224	134	117	0	454	0	0	FULL	2	896112
386	236	170	0	524	0	0	FULL	4	690498
353	302	146	682	644	0	0	ALL_EDGES	2	347351
296	223	295	0	389	0	0	FULL	2	395748
303	229	195	6817	1331	0	0	ALL_EDGES	6	926350
417	305	137	17	250	11	8	FULL	1	109178
368	204	206	1968	1205	6	3	FULL	8	229963
382	235	195	17	326	35	33	FULL	1	613456
340	226	241	18	250	12	12	FULL	1	725754
304	187	272	15	1031	14	12	FULL	2	314591
396	321	114	1276	305	22	19	FULL	3	981692
244	178	336	14	388	0	0	ALL_EDGES	5	597564
305	196	259	15	740	0	0	FULL	1	436904
388	304	131	3751	910	0	0	FULL	1	483009
304	237	188	0	987	0	0	FULL	1	387068
414	249	131	13	891	43	46	FULL	1	825886
374	196	184	0	1565	0	0	FULL	4	901837
342	176	275	33	513	30	31	FULL	1	882692
453	328	97	1812	451	46	49	ALL_EDGES	2	523925
324	190	250	15	636	9	7	FULL	3	509372
407	272	131	14	572	0	0	ALL_EDGES	1	236242
340	238	217	17	250	0	0	FULL	3	290913
369	231	158	1930	250	0	0	FULL	1	319169
411	234	192	4514	642	0	0	FULL	2	564402
409	297	127	651	621	34	38	FULL	6	652037
282	216	207	12	250	0	0	ALL_EDGES	1	198399
339	208	177	812	1360	12	14	FULL	1	105098
349	250	190	16	531	0	0	FULL	3	201974
393	359	138	0	250	32	37	FULL	2	203515
221	199	307	13	716	0	0	FULL	2	563988
447	273	135	2805	459	21	27	FULL	1	338064
369	297	141	0	576	0	0	FULL	2	638048
336	220	222	0	250	10	15	FULL	4	924454
246	248	287	1802	326	14	19	ALL_EDGES	1	18239
271	195	254	13	1090	13	19	FULL	2	183141
418	221	216	20	467	0	0	FULL	1	992379
283	255	202	0	1320	0	0	FULL	2	249909
403	210	218	37	738	24	27	FULL	1	58662
422	411	78	0	1208	0	0	FULL	2	315164
250	193	279	3226	250	0	0	FULL	2	24300
311	264	164	13	250	0	0	FULL	9	724763
338	217	183	13	250	0	0	FULL	2	385137
325	199	241	2123	950	21	20	FULL	1	632484
265	230	255	15	561	14	13	FULL	1	300193
408	301	110	13	454	23	19	FULL	3	365707
418	198	199	16	250	12	16	FULL	2	785779
434	306	117	0	305	0	0	FULL	1	351302
348	244	159	27	413	0	0	FULL	4	294860
294	251	198	14	484	0	0	FULL	2	935505
410	276	137	1069	719	34	29	FULL	1	334512
428	265	163	18	250	0	0	FULL	2	590454
455	266	145	35	913	18	23	FULL	2	733299
364	264	192	0	250	27	31	FULL	1	560660
347	203	192	0	343	28	35	FULL	2	521364
347	238	235	0	250	17	23	FULL	1	784150
313	216	230	0	439	24	22	FULL	1	858567
377	277	187	3958	255	0	0	FULL	1	101456
386	276	188	1760	749	0	0	FULL	1	525974
267	193	302	1317	731	41	43	ALL_EDGES	1	77526
368	248	159	43	546	0	0	FULL	4	748401
427	389	105	17	369	18	23	FULL	5	46970
433	358	129	20	1303	22	19	FULL	1	941004
328	210	255	35	1471	19	21	FULL	1	8022
277	210	268	4154	893	0	0	FULL	9	989638
291	184	233	0	708	0	0	FULL	2	755565
350	165	267	3115	250	0	0	FULL	2	85030
368	264	150	14	1488	0	0	FULL	3	267042
309	271	186	15	726	0	0	FULL	1	150327
385	326	99	1050	250	22	20	FULL	1	257625
393	399	118	0	250	0	0	FULL	2	928317
340	215	211	15	364	0	0	FULL	1	857915
344	198	272	18	560	38	35	FULL	1	877060
327	208	258	0	250	16	17	FULL	7	180848
321	234	233	2537	1005	0	0	FULL	2	89986
346	347	145	787	546	27	20	FULL	2	561520
349	288	144	14	581	0	0	FULL	2	604253
381	297	110	12	1032	26	28	FULL	4	82958
337	192	302	19	616	8	6	ALL_EDGES	1	994334
402	341	135	2294	1015	0	0	FULL	1	444042
317	337	136	14	358	22	18	FULL	2	303149
341	241	152	0	547	0	0	ALL_EDGES	1	605164
284	241	269	18	472	21	24	FULL	1	187181
269	147	442	1050	250	34	30	ALL_EDGES	5	772682
368	229	172	1580	726	0	0	ALL_EDGES	1	557472
333	200	232	0	814	0	0	FULL	3	369495
294	239	177	0	765	0	0	FULL	2	688541
351	230	192	0	983	0	0	ALL_EDGES	1	680346
300	234	191	3415	526	0	0	FULL	2	99932
242	219	274	3117	250	0	0	FULL	1	376051
298	252	179	5589	419	34	31	ALL_EDGES	2	221572
337	296	156	2263	250	20	21	FULL	1	785913
413	272	120	13	1625	30	30	FULL	1	103619
329	236	239	18	600	30	30	FULL	6	164487
329	225	169	1575	615	0	0	FULL	6	736088
411	238	159	2790	250	20	27	FULL	2	311512
382	241	135	0	447	0	0	FULL	1	439166
445	279	125	15	466	0	0	ALL_EDGES	2	647770
298	279	187	1643	309	0	0	FULL	3	455496
478	285	121	4653	544	9	11	FULL	7	13026
313	240	219	33	250	26	29	FULL	1	743531
381	299	118	13	250	0	0	FULL	1	87250
315	218	182	12	1284	12	8	FULL	2	593821
350	262	180	33	253	10	10	FULL	1	493026
396	239	174	16	523	19	27	ALL_EDGES	6	685991
492	293	87	12	512	0	0	FULL	1	197096
317	292	178	16	540	22	20	FULL	1	690959
407	330	145	2632	322	0	0	FULL	5	735308
451	234	147	0	371	0	0	FULL	1	266669
319	246	159	0	751	0	0	FULL	1	501575
393	290	171	19	250	0	0	ALL_EDGES	2	702598
457	318	134	19	987	0	0	FULL	1	298123
337	230	200	15	676	35	37	FULL	4	706635
354	307	180	19	406	0	0	FULL	1	867955
387	247	204	5577	250	0	0	FULL	1	782640
357	240	181	31	936	21	23	FULL	2	418788
386	258	165	16	463	0	0	FULL	4	991806
382	297	128	14	309	0	0	FULL	1	58177
451	293	140	5013	344	21	20	FULL	2	954256
518	339	77	27	993	0	0	FULL	3	108773
437	233	181	37	250	5	11	FULL	5	492926
380	203	202	0	818	0	0	FULL	1	941405
302	143	289	0	481	0	0	FULL	2	543044
286	248	219	0	397	0	0	FULL	4	611832
488	213	168	17	350	0	0	ALL_EDGES	2	733839
473	315	90	13	505	0	0	FULL	3	337225
277	239	219	3074	401	21	21	ALL_EDGES	1	412032
300	225	231	728	342	0	0	ALL_EDGES	2	597632
380	276	120	1900	250	33	38	FULL	2	561693
378	290	132	3451	855	22	21	FULL	2	586854
393	223	200	1207	250	0	0	FULL	2	909718
345	256	175	1937	747	0	0	FULL	3	285639
384	234	161	14	707	17	11	FULL	3	992748
291	170	273	13	516	12	8	FULL	10	610683
257	133	426	29	668	0	0	ALL_EDGES	2	609549
305	263	232	18	250	0	0	FULL	2	173695
348	306	117	3762	336	0	0	FULL	1	81428
260	158	354	14	250	0	0	FULL	2	210076
303	216	267	17	312	13	12	FULL	2	70281
413	207	204	1225	1072	40	44	FULL	4	553740
296	219	240	0	250	0	0	ALL_EDGES	3	61124
393	263	131	2511	674	0	0	FULL	5	335039
387	234	138	12	540	27	24	FULL	2	950278
352	275	160	15	250	24	27	FULL	7	494331
481	304	113	0	804	5	9	FULL	2	231203
396	261	194	0	250	0	0	FULL	2	935545
334	201	201	13	504	0	0	FULL	4	60200
376	287	135	0	315	20	21	FULL	1	277557
369	294	143	4231	406	0	0	FULL	9	564081
402	240	181	17	371	0	0	FULL	4	372882
272	170	271	0	296	0	0	CORNERS	2	305793
315	168	347	18	523	27	31	FULL	1	436678
368	340	124	15	537	0	0	ALL_EDGES	3	150190
295	243	175	12	250	19	21	FULL	3	239209
309	270	187	1534	250	0	0	FULL	1	265961
331	248	200	16	778	0	0	FULL	5	125415
314	252	183	14	1423	0	0	FULL	1	904536
450	298	108	2740	574	23	24	FULL	2	464614
325	235	230	17	520	32	40	FULL	3	758121
400	243	201	0	442	14	21	ALL_EDGES	2	717265
346	203	207	2363	380	31	35	FULL	2	45770
446	266	131	15	1063	29	26	FULL	2	83644
379	248	165	0	573	0	0	FULL	2	293325
323	212	227	0	965	24	27	FULL	3	682437
309	218	186	0	250	9	10	FULL	4	136284
510	334	103	17	250	27	27	FULL	1	344979
413	190	160	2262	510	33	36	FULL	1	751030
343	221	218	1584	840	34	36	FULL	2	37451
332	224	195	4147	304	19	20	FULL	3	790644
402	193	161	3987	521	9	12	ALL_EDGES	8	871779
346	300	149	7750	1113	0	0	FULL	1	383921
280	192	271	0	510	0	0	FULL	1	660368
343	286	189	18	1591	14	23	ALL_EDGES	1	270751
341	262	185	0	323	0	0	FULL	8	310880
295	200	211	3012	366	18	21	FULL	1	221101
328	263	180	31	250	24	21	ALL_EDGES	1	437471
368	221	203	1320	306	12	11	FULL	1	850168
336	192	210	13	1007	0	0	FULL	5	280679
335	224	207	1627	910	0	0	FULL	1	974424
322	282	159	29	250	0	0	FULL	4	336980
