312	253	120	2156	1807	9	14	FULL	2	802007
308	192	127	1620	628	9	8	FULL	2	53232
277	192	160	8	250	0	0	FULL	2	593152
283	231	144	1833	250	0	0	FULL	3	571978
340	178	124	7	292	0	0	FULL	2	779049
319	239	137	10	522	29	32	FULL	1	185367
276	218	174	10	1145	0	0	FULL	2	182339
291	248	166	12	433	12	13	FULL	1	265430
293	232	111	7	905	22	24	FULL	3	307527
242	179	266	0	556	24	23	FULL	3	956619
287	185	142	0	250	0	0	FULL	1	533700
177	132	150	560	250	0	0	FULL	4	502198
323	258	125	0	716	8	8	FULL	1	942986
274	182	241	12	803	0	0	FULL	1	517577
239	179	270	11	674	0	0	FULL	5	956658
344	184	102	1274	455	30	32	FULL	4	844776
278	172	156	7	500	12	11	FULL	4	290826
222	119	132	0	815	0	0	FULL	1	8781
261	139	123	360	645	0	0	FULL	1	460069
187	126	147	217	390	24	26	ALL_EDGES	1	71072
336	195	176	2081	734	0	0	FULL	2	710284
423	173	144	10	524	5	10	FULL	2	333248
369	198	116	8	733	0	0	FULL	1	790609
292	164	177	8	898	20	21	FULL	2	483320
223	136	215	13	529	0	0	FULL	2	554603
263	228	141	8	572	0	0	FULL	2	595168
399	132	142	0	415	0	0	FULL	2	20884
233	147	161	5	524	29	33	FULL	2	896185
217	134	154	0	250	26	27	FULL	1	868612
383	200	111	8	419	25	26	FULL	2	262240
298	159	180	8	758	24	24	ALL_EDGES	5	735920
295	173	187	0	576	0	0	FULL	5	743198
427	347	57	578	250	0	0	FULL	2	123149
256	185	222	10	250	24	24	FULL	9	189222
275	161	169	2062	810	0	0	FULL	1	576631
330	176	199	11	513	24	23	FULL	4	164291
210	169	240	8	773	0	0	FULL	2	589347
331	215	147	0	282	0	0	FULL	1	111466
364	203	142	0	933	24	31	FULL	1	965777
275	181	151	7	250	0	0	FULL	2	969161
189	150	264	2055	556	0	0	FULL	3	690424
241	145	272	0	1631	0	0	FULL	1	475722
304	173	161	8	641	25	23	FULL	2	777520
235	187	170	7	431	10	9	FULL	5	806295
332	176	145	8	250	12	11	ALL_EDGES	1	108339
295	186	82	0	556	0	0	FULL	2	591998
343	218	127	2403	1189	0	0	ALL_EDGES	1	392861
238	120	156	4	250	0	0	FULL	1	99456
188	133	180	0	1000	23	24	FULL	2	411031
252	183	141	6	938	43	39	FULL	3	714900
339	248	136	0	1129	0	0	FULL	5	822759
251	116	155	4	330	0	0	FULL	2	123244
310	219	154	2436	482	10	8	FULL	1	27919
287	236	171	0	1110	0	0	FULL	2	574197
321	271	109	9	250	7	6	FULL	1	129889
321	263	136	11	1199	0	0	FULL	1	294246
352	270	89	8	2016	0	0	FULL	3	430874
400	244	118	2495	726	0	0	FULL	5	374768
256	152	192	0	250	0	0	FULL	1	773916
255	217	136	0	318	0	0	FULL	1	717613
247	170	274	11	330	13	12	FULL	5	879342
276	175	176	8	250	27	28	FULL	4	837543
249	186	161	2062	551	23	23	FULL	3	23502
303	206	185	23	428	0	0	ALL_EDGES	1	202277
275	163	168	7	492	7	5	FULL	3	116691
292	196	166	19	1009	0	0	FULL	2	145364
273	246	157	21	603	0	0	FULL	1	56236
330	253	144	1932	573	0	0	FULL	6	794064
280	174	235	908	372	0	0	FULL	3	375363
299	207	73	940	282	30	35	FULL	1	638219
255	190	238	0	868	0	0	FULL	1	409328
191	102	231	0	250	24	25	FULL	2	201438
314	218	110	0	1582	28	30	FULL	3	943786
421	208	97	8	829	0	0	FULL	2	923558
271	173	201	9	446	0	0	ALL_EDGES	1	302792
257	203	144	0	954	22	20	FULL	1	454972
276	245	170	11	611	0	0	FULL	4	833224
333	202	126	1955	250	0	0	FULL	5	777009
278	215	192	11	557	7	10	FULL	1	392716
294	163	240	11	1051	15	21	FULL	1	15419
427	203	110	9	1230	0	0	FULL	5	564037
296	191	168	9	472	35	43	FULL	1	256820
251	180	211	0	611	23	24	FULL	5	580772
257	161	133	0	456	13	10	ALL_EDGES	2	82798
393	210	139	0	731	0	0	FULL	1	629731
307	145	235	10	551	0	0	FULL	1	360751
315	238	141	10	250	16	19	FULL	1	526829
331	236	96	712	250	23	32	ALL_EDGES	1	302137
232	219	89	4	545	0	0	FULL	1	38707
304	215	130	1980	1252	23	21	FULL	1	907768
299	179	159	8	250	0	0	ALL_EDGES	1	331395
319	257	128	10	1198	0	0	FULL	1	437495
584	224	88	0	250	0	0	FULL	7	466635
331	231	124	2042	250	0	0	FULL	1	143392
246	176	150	721	639	29	30	FULL	4	503351
213	131	304	0	250	24	33	FULL	3	200491
288	182	220	11	364	0	0	FULL	1	483885
280	193	157	8	1433	0	0	FULL	2	641945
346	168	180	1984	438	21	22	FULL	2	184464
219	166	205	7	334	14	16	FULL	5	733348
310	254	121	1919	1118	0	0	FULL	3	697445
322	147	199	2118	298	24	27	FULL	2	47621
251	199	231	655	250	0	0	FULL	4	5473
268	227	140	8	1752	0	0	FULL	7	395706
393	231	127	3772	2190	0	0	ALL_EDGES	1	927002
267	224	143	8	734	0	0	ALL_EDGES	3	362446
357	202	160	11	250	0	0	ALL_EDGES	2	127157
357	148	161	8	445	11	16	FULL	2	309233
170	125	401	8	378	0	0	FULL	4	61372
302	256	136	10	383	0	0	FULL	5	221085
197	119	191	0	476	0	0	FULL	4	946239
223	185	158	0	603	0	0	FULL	2	367042
200	116	152	388	250	25	28	FULL	3	546373
259	129	343	460	250	0	0	FULL	1	644368
255	186	199	9	751	0	0	FULL	1	7346
206	142	154	774	681	0	0	FULL	1	211133
224	146	106	294	367	0	0	FULL	1	973944
372	226	101	1317	385	0	0	FULL	2	266418
229	164	227	17	559	0	0	FULL	1	338102
298	220	176	23	508	0	0	FULL	1	17530
407	272	95	10	412	8	7	FULL	2	998280
368	176	178	11	250	0	0	FULL	1	369458
231	147	132	999	632	0	0	FULL	4	193360
327	262	140	12	1114	14	25	FULL	2	43717
337	213	104	652	548	0	3	FULL	2	879365
250	187	139	6	429	0	0	ALL_EDGES	5	701463
270	199	140	7	250	0	0	FULL	1	3729
315	225	149	10	250	0	0	FULL	2	614226
219	177	117	0	448	26	20	FULL	1	5648
405	262	90	9	595	0	0	FULL	8	302769
328	248	117	19	393	0	0	FULL	1	709733
306	162	171	8	250	23	23	ALL_EDGES	3	278094
300	174	183	1710	250	0	0	FULL	1	191701
264	176	161	712	271	0	0	FULL	2	120916
382	265	114	2162	531	0	0	FULL	3	470841
339	292	86	17	822	0	0	FULL	1	941830
253	189	156	2527	849	0	0	FULL	2	611953
197	136	167	9	395	0	0	FULL	3	396187
376	224	136	4404	680	0	0	FULL	5	859387
279	208	163	769	250	11	12	FULL	2	302858
334	173	147	8	1113	16	15	FULL	1	501219
327	234	151	2311	250	0	0	FULL	3	958991
244	131	140	4	1018	0	0	ALL_EDGES	2	267209
292	181	103	5	439	39	42	FULL	1	800480
314	246	155	0	250	0	0	FULL	2	825637
305	228	166	11	621	0	0	FULL	1	562339
416	204	123	2005	336	12	8	ALL_EDGES	1	109753
224	133	286	8	315	0	0	FULL	2	750134
237	201	179	0	1615	0	0	FULL	4	865301
242	210	226	2346	664	34	35	FULL	6	660685
209	169	155	1507	398	7	12	FULL	2	778483
246	181	146	6	771	28	21	FULL	1	822402
288	195	134	727	579	0	0	FULL	8	849624
338	257	109	1510	1131	0	0	FULL	1	187671
358	231	91	0	848	21	22	FULL	2	662419
359	228	104	8	1151	22	20	FULL	6	386576
345	207	161	11	543	0	1	ALL_EDGES	2	429298
193	178	102	3	643	18	22	FULL	4	317136
399	238	100	950	250	34	25	FULL	2	575377
302	208	182	11	549	0	0	FULL	2	313547
321	221	134	5538	1289	0	0	FULL	3	407827
213	139	389	11	250	0	0	FULL	1	808123
262	168	215	9	1052	25	28	FULL	2	236395
198	124	223	1177	753	0	0	FULL	1	119871
367	230	101	0	250	24	23	FULL	3	959038
348	322	102	1173	250	0	0	FULL	1	828996
243	187	208	0	652	12	8	FULL	1	801320
207	117	185	4	343	0	0	FULL	2	776179
201	164	289	9	339	0	0	FULL	2	516758
303	185	188	10	490	29	31	ALL_EDGES	3	724039
228	144	167	5	250	0	0	FULL	2	438253
272	136	229	8	250	12	16	FULL	2	283164
340	211	146	10	473	0	0	FULL	7	112730
350	150	219	6463	1386	0	0	FULL	2	603720
368	156	131	0	467	33	29	FULL	3	510597
200	154	147	0	952	0	0	FULL	1	717198
313	202	182	11	250	0	0	FULL	1	427524
174	133	239	0	530	0	0	FULL	2	339446
397	269	108	11	426	9	7	FULL	1	981149
281	183	165	1632	432	0	0	FULL	5	439256
337	197	53	7	763	13	11	FULL	1	289350
318	227	146	10	250	0	0	FULL	4	104856
248	116	156	679	573	0	0	FULL	1	423346
277	193	140	1365	250	23	25	FULL	2	287835
264	192	128	6	569	0	0	FULL	1	610922
356	224	94	0	1209	0	0	FULL	3	331853
320	246	133	10	469	0	0	FULL	1	850441
302	201	174	10	432	5	2	FULL	2	596152
344	302	111	2127	404	0	0	FULL	1	658826
356	261	81	0	967	0	0	FULL	7	600109
322	236	112	1377	499	0	0	FULL	1	544403
314	235	101	420	584	9	10	FULL	3	29462
276	190	162	8	398	0	0	FULL	1	325008
266	218	147	8	652	0	0	FULL	1	18479
226	157	155	1160	760	14	15	FULL	1	435133
295	202	142	663	675	14	19	FULL	3	26426
233	163	300	0	469	25	23	FULL	2	981668
293	186	138	0	250	21	23	FULL	1	188602
259	162	202	8	392	13	23	FULL	2	41711
256	161	109	589	250	0	0	FULL	2	242955
265	179	180	8	759	0	0	ALL_EDGES	3	435607
275	245	171	11	1283	0	0	FULL	1	933646
279	200	152	8	250	0	0	ALL_EDGES	4	107539
333	202	156	0	310	0	0	FULL	2	413623
277	218	91	11	464	27	27	FULL	5	677493
277	227	104	663	250	12	15	FULL	5	891496
212	156	135	0	1025	36	36	FULL	4	441965
388	248	125	1032	538	21	23	FULL	3	890029
267	175	204	19	587	22	21	FULL	1	41731
254	197	150	7	250	0	0	FULL	3	230764
334	237	133	1606	727	0	0	ALL_EDGES	1	980925
251	164	256	2152	425	20	20	ALL_EDGES	3	449595
211	140	255	7	250	0	0	FULL	1	187190
284	175	152	150	732	13	14	FULL	4	538245
261	140	151	5	250	18	16	FULL	1	938702
236	179	129	5	1761	25	22	FULL	1	173723
223	166	228	1487	535	0	0	ALL_EDGES	1	730469
203	155	142	4	783	0	0	FULL	1	246220
390	222	98	1283	427	9	10	FULL	4	102241
293	172	89	0	355	0	0	FULL	1	984284
320	203	115	15	270	0	0	FULL	3	346516
426	300	90	11	250	0	0	FULL	3	352511
300	195	111	6	250	0	0	FULL	2	490876
317	181	148	0	250	5	5	FULL	1	740699
258	180	162	15	336	15	19	FULL	8	415524
300	148	214	19	250	19	20	FULL	2	638290
233	159	121	4	453	0	0	FULL	2	907179
351	200	121	671	512	0	0	FULL	2	760457
259	173	169	435	250	0	0	ALL_EDGES	2	463525
305	267	117	9	492	0	0	FULL	1	951721
262	203	142	0	483	0	0	FULL	1	496716
236	188	125	0	250	0	0	FULL	7	830976
327	181	195	11	325	27	30	FULL	1	529548
292	213	169	1806	507	15	20	FULL	1	515940
307	241	115	680	439	0	0	FULL	2	269791
215	128	163	4	899	0	0	FULL	11	228174
341	221	159	3756	598	25	29	FULL	4	310421
192	174	135	4	1139	0	0	ALL_EDGES	6	791797
327	165	176	2261	641	0	0	FULL	1	742338
370	235	97	272	284	13	15	FULL	1	457205
352	257	133	24	478	0	0	FULL	3	486179
286	159	165	765	791	0	0	FULL	1	619428
287	197	150	1742	250	0	0	FULL	5	225145
305	219	143	9	1528	19	22	FULL	3	922885
289	180	182	9	420	14	20	FULL	2	520319
262	160	178	7	502	5	0	ALL_EDGES	8	101103
345	276	120	0	634	14	15	FULL	1	363029
269	272	157	0	582	24	23	FULL	1	895150
274	188	145	0	1121	0	0	FULL	2	507223
329	184	174	1407	1119	0	0	FULL	2	184841
309	184	149	8	250	25	26	FULL	2	482193
302	223	170	11	640	23	24	FULL	3	630367
224	155	158	5	1674	0	0	FULL	2	314484
250	200	90	319	389	0	0	FULL	2	756768
384	244	102	0	250	20	19	FULL	1	302380
308	238	157	11	250	0	0	FULL	2	836050
302	234	121	17	250	0	0	FULL	1	297358
244	162	114	1296	991	13	16	FULL	2	855901
308	211	116	1057	250	0	0	FULL	5	65095
318	161	223	1460	427	22	21	FULL	2	846722
396	245	119	23	250	0	0	FULL	2	167991
290	238	153	10	250	0	0	FULL	2	123244
226	149	253	1955	250	0	0	FULL	1	595874
310	237	116	17	250	41	46	FULL	1	872996
408	151	138	8	554	0	0	FULL	4	587575
304	223	169	11	335	0	0	FULL	2	344684
241	200	114	5	250	0	0	FULL	2	702944
311	233	166	2424	422	0	0	FULL	1	860816
354	159	133	7	834	9	11	FULL	5	108878
312	220	174	0	387	0	0	FULL	1	429151
316	135	129	5	377	0	0	FULL	4	181134
308	260	143	11	432	18	24	FULL	2	114115
327	190	121	7	250	27	32	FULL	4	385672
306	289	141	12	1966	0	0	FULL	2	346129
346	262	220	20	527	17	17	FULL	2	28427
346	187	239	15	1373	3	6	FULL	1	793096
378	213	155	12	512	23	24	FULL	2	339401
431	220	195	18	285	13	18	FULL	5	207357
304	234	203	14	250	0	0	FULL	2	483658
324	280	204	18	302	29	34	FULL	1	587871
341	271	167	0	330	22	26	FULL	2	437294
285	208	211	12	416	16	19	FULL	1	956610
357	227	192	3766	549	0	0	ALL_EDGES	3	864948
417	207	156	2808	433	26	35	FULL	2	939090
290	221	259	16	468	24	27	ALL_EDGES	3	139843
329	223	253	18	1361	0	0	FULL	3	475325
384	252	180	17	1229	8	5	FULL	5	512489
547	307	104	17	2005	0	0	FULL	1	509363
434	313	99	27	533	27	27	FULL	5	69940
287	140	311	0	437	0	0	FULL	3	671275
372	186	225	15	585	18	17	ALL_EDGES	3	777246
398	239	174	1600	250	23	25	FULL	1	236099
393	313	126	15	428	0	0	FULL	2	729629
524	214	165	18	760	7	9	FULL	5	317034
374	291	133	3291	631	0	0	FULL	10	70330
354	174	236	29	487	0	0	FULL	3	58461
377	236	219	19	428	0	0	FULL	1	106991
339	213	187	13	566	29	30	FULL	2	746
338	284	161	15	446	13	14	FULL	1	488987
346	181	311	19	1037	4	6	FULL	4	348608
448	319	102	14	1012	33	32	FULL	3	324983
406	297	112	972	250	3	0	FULL	1	389459
308	227	194	13	504	0	0	FULL	1	768790
459	323	125	2331	250	31	34	FULL	1	965059
327	168	244	13	680	7	5	FULL	1	348251
409	326	131	17	737	15	9	FULL	1	503065
296	211	248	15	591	0	0	FULL	1	936821
297	210	217	0	276	6	0	FULL	2	897298
319	181	346	0	250	11	13	FULL	2	940157
365	233	218	18	526	0	0	FULL	2	634331
363	286	159	0	250	36	35	FULL	2	14862
361	269	160	15	377	0	0	FULL	1	128526
230	182	468	19	250	0	0	FULL	1	495799
295	187	228	25	250	0	0	ALL_EDGES	2	805689
334	192	195	0	250	21	26	FULL	1	833934
409	264	144	0	604	0	0	FULL	1	50305
295	237	280	3276	317	0	0	FULL	2	939641
334	315	166	17	963	15	17	FULL	2	600704
460	169	250	19	757	30	29	FULL	1	532430
376	304	145	4884	250	0	0	FULL	1	633226
224	160	351	0	546	0	0	FULL	3	986911
331	185	237	0	347	0	0	ALL_EDGES	1	918031
345	178	235	29	253	29	24	ALL_EDGES	2	463418
415	288	139	0	482	0	0	ALL_EDGES	1	885639
248	232	304	17	1245	19	28	ALL_EDGES	3	442748
360	281	162	16	1444	17	18	FULL	1	782192
485	332	109	4795	315	21	22	FULL	2	334837
323	270	213	18	515	0	0	FULL	1	728236
305	250	189	2610	1052	0	0	FULL	2	837774
346	195	289	19	250	0	0	FULL	1	479091
391	291	128	0	271	0	0	FULL	2	905730
354	278	158	15	459	23	22	FULL	4	163804
295	209	267	5197	500	16	23	ALL_EDGES	1	239825
306	228	193	1471	1180	0	0	FULL	1	271392
362	223	154	2062	250	12	17	ALL_EDGES	1	629025
350	315	167	37	333	0	0	FULL	3	405428
385	283	124	1377	479	0	0	FULL	1	232406
324	176	272	15	563	0	0	FULL	2	343116
308	210	240	15	778	0	0	FULL	4	609279
421	296	132	16	315	0	0	FULL	2	987619
374	236	175	0	402	17	20	ALL_EDGES	1	738771
360	239	169	14	836	8	8	FULL	1	390474
366	282	121	12	351	0	0	FULL	2	980412
384	272	120	0	295	0	0	FULL	1	43925
252	175	351	31	837	22	24	ALL_EDGES	1	875819
477	279	109	14	554	0	0	FULL	3	199491
435	261	136	4076	453	0	0	FULL	2	456302
318	214	272	0	250	24	25	FULL	1	248952
299	224	263	0	450	21	23	FULL	3	896287
333	204	227	15	273	17	15	FULL	1	212361
325	214	179	12	380	0	0	ALL_EDGES	1	785387
394	175	182	6512	843	0	0	FULL	2	652086
316	197	202	12	955	8	14	FULL	2	288213
275	178	255	12	250	12	10	ALL_EDGES	1	497027
345	212	252	3422	625	13	11	FULL	1	272820
298	227	243	280	846	18	20	FULL	2	92203
362	217	223	2835	288	0	0	FULL	2	643374
333	252	232	3646	250	0	0	FULL	2	785852
288	196	239	4117	904	0	0	ALL_EDGES	7	379588
270	208	277	0	355	0	0	FULL	1	816736
318	206	222	14	250	27	27	FULL	1	368011
333	313	159	1798	530	24	30	FULL	1	311173
374	341	98	625	487	32	30	FULL	1	262198
437	206	206	18	566	0	0	FULL	1	119380
292	257	192	1116	431	0	0	FULL	8	524227
408	253	122	2437	654	27	30	FULL	2	722951
280	217	206	0	573	0	0	FULL	1	541562
306	189	267	15	662	11	15	FULL	2	705089
386	233	184	16	250	0	0	FULL	2	107985
360	285	122	2575	926	42	38	FULL	1	566617
298	234	192	580	542	0	0	FULL	1	894192
403	229	168	434	305	24	27	FULL	5	916194
302	195	230	3604	250	32	37	FULL	1	372786
343	223	242	18	402	0	0	FULL	1	531807
345	249	227	0	559	21	21	FULL	1	352497
349	310	171	18	969	25	26	FULL	2	631404
342	248	148	12	250	17	21	FULL	2	640861
439	237	178	18	1578	25	25	FULL	3	605480
300	196	212	337	447	20	19	FULL	4	117820
237	211	251	1050	661	0	0	FULL	1	754033
424	306	150	19	490	0	0	FULL	1	488611
336	302	152	2232	794	21	17	FULL	2	386527
375	246	146	13	419	7	9	FULL	5	648235
376	187	206	14	672	9	12	FULL	2	617097
249	199	292	14	309	0	0	ALL_EDGES	3	307593
435	304	125	33	299	36	43	ALL_EDGES	1	9117
284	234	188	0	775	0	0	FULL	1	382606
358	232	151	12	372	0	0	FULL	1	549299
416	302	139	6160	518	22	25	FULL	1	33857
375	221	162	13	629	0	0	ALL_EDGES	1	565794
443	231	195	20	405	20	13	FULL	2	725705
245	201	316	15	430	0	0	FULL	1	811367
445	238	184	19	740	30	28	FULL	1	826246
518	364	104	0	572	0	0	FULL	1	511537
382	257	148	3871	1277	39	41	FULL	3	90452
416	320	117	0	645	0	0	FULL	1	162616
325	186	223	2902	542	14	14	FULL	2	949187
393	317	133	2673	447	19	24	FULL	1	424884
476	250	130	15	871	26	25	FULL	6	552548
305	211	210	0	250	18	22	FULL	1	742940
369	273	144	565	470	0	0	FULL	1	477206
297	210	266	16	250	20	25	FULL	1	304781
440	254	139	0	842	37	41	FULL	3	467134
372	253	165	0	663	0	0	FULL	3	880874
357	249	163	29	481	0	0	FULL	3	431318
285	246	193	877	250	0	0	FULL	2	711038
316	199	310	0	466	27	34	FULL	7	524277
369	303	147	16	333	0	0	FULL	1	216339
303	218	204	0	1244	0	0	FULL	4	404104
380	283	154	16	735	0	0	FULL	3	706622
363	258	176	16	997	20	23	FULL	3	8183
366	213	225	17	250	14	17	FULL	1	745431
366	264	140	0	382	0	0	ALL_EDGES	1	612433
306	193	313	3533	879	37	36	FULL	5	545252
405	273	141	15	545	0	0	FULL	3	563822
345	211	255	18	467	0	0	FULL	1	123091
433	239	150	0	250	0	0	FULL	4	799374
361	207	194	14	1243	22	24	FULL	1	967131
380	313	147	17	650	17	21	FULL	10	61401
342	266	182	0	573	0	0	FULL	4	474267
392	270	185	19	868	26	28	ALL_EDGES	1	624820
672	444	65	0	814	0	0	FULL	1	484556
330	243	193	15	475	0	0	FULL	1	80976
473	331	124	19	603	14	17	FULL	4	761174
317	172	356	0	490	0	0	FULL	3	521783
403	368	105	2356	363	0	0	FULL	6	796044
282	213	208	1587	250	0	0	FULL	5	719120
292	290	148	12	1006	16	19	FULL	1	690983
414	247	161	2524	507	0	0	FULL	1	939692
345	257	152	13	250	0	0	FULL	2	869817
399	247	158	15	250	0	0	FULL	1	273006
336	214	216	3921	1249	56	53	FULL	2	773688
339	221	180	13	297	0	0	FULL	2	754074
370	281	149	1333	508	0	0	FULL	5	768708
369	268	136	13	375	21	22	ALL_EDGES	3	683640
416	260	143	15	250	0	0	FULL	1	719310
408	229	177	3217	250	0	0	FULL	6	694196
564	333	104	2203	1440	0	0	FULL	2	282383
341	254	179	15	250	0	0	FULL	1	712682
333	207	196	40	250	27	29	FULL	3	625788
327	213	179	4550	437	0	0	ALL_EDGES	1	239675
444	382	97	4158	817	0	0	FULL	1	350593
332	243	155	12	392	17	15	FULL	4	388431
334	255	229	39	1215	0	0	FULL	3	318702
392	214	233	4719	450	0	0	FULL	2	343750
286	157	277	2525	396	7	4	FULL	1	6655
322	186	209	0	1400	0	0	FULL	2	670218
312	277	203	17	810	0	0	FULL	1	800486
449	220	137	0	592	0	0	FULL	1	973478
341	180	269	16	1166	0	0	FULL	2	565798
222	170	413	31	870	0	0	FULL	1	349244
357	258	190	3290	1551	0	0	FULL	2	237784
410	294	154	1276	370	9	10	FULL	1	397871
429	212	214	0	612	0	0	FULL	1	91209
336	202	214	29	1248	0	0	ALL_EDGES	1	19347
369	302	122	0	250	20	17	FULL	1	837023
356	299	164	4882	1817	0	0	FULL	2	590080
340	246	162	13	1014	0	0	FULL	2	438651
394	310	103	4812	250	21	22	FULL	1	607680
423	265	112	987	500	0	0	FULL	1	786697
259	213	246	2011	787	18	20	FULL	2	173609
469	315	84	12	1312	13	15	FULL	2	118242
436	344	110	33	531	0	0	FULL	8	129796
396	316	100	12	843	0	0	FULL	2	414762
313	224	207	0	250	16	19	ALL_EDGES	2	742069
290	191	280	2898	1121	0	0	FULL	1	528903
323	203	222	0	579	12	17	FULL	1	785575
274	211	250	14	789	22	24	FULL	1	117946
488	379	73	0	543	20	17	FULL	4	576017
279	241	185	12	478	24	26	FULL	2	995134
248	207	263	13	250	0	0	FULL	2	546738
363	230	234	4095	623	0	0	FULL	1	954425
406	209	147	12	745	15	21	FULL	2	806863
464	280	143	18	665	17	16	FULL	3	284403
330	270	140	1637	460	31	36	FULL	1	984165
494	288	137	3900	964	0	0	FULL	1	399275
316	177	224	1875	250	0	0	FULL	7	723988
425	253	135	14	289	15	15	FULL	3	418342
323	206	262	5600	486	0	0	FULL	3	294508
332	240	182	14	545	21	16	FULL	2	399091
516	340	77	0	770	0	0	ALL_EDGES	2	286416
321	251	230	185	678	18	21	FULL	1	43313
387	212	201	33	1430	8	10	FULL	3	141165
414	191	197	15	250	0	0	FULL	1	89610
354	264	198	18	1079	0	0	FULL	1	670383
329	275	170	15	250	0	0	FULL	1	929302
307	244	208	1379	420	19	26	FULL	1	986731
332	177	231	13	265	5	10	FULL	1	700033
335	262	222	19	713	0	0	FULL	1	308290
426	285	144	17	362	0	0	FULL	3	30197
385	264	153	3348	487	11	17	FULL	1	666991
244	230	328	18	446	0	0	FULL	1	193062
262	177	334	15	1251	0	0	FULL	4	57847
421	331	111	15	433	21	21	FULL	5	254107
336	248	150	0	583	0	0	FULL	4	535309
355	234	186	15	1095	7	5	FULL	1	288642
286	165	329	0	1803	9	11	FULL	1	317749
308	229	205	14	655	7	7	ALL_EDGES	2	374055
352	193	199	13	534	39	34	FULL	3	883717
242	188	274	1487	556	0	0	FULL	1	32145
347	297	121	25	402	0	0	FULL	8	565459
346	245	147	25	500	11	13	FULL	1	481239
288	274	253	0	599	27	26	FULL	3	676256
352	250	187	33	464	0	0	FULL	1	856112
265	182	280	2956	250	0	0	FULL	5	590518
330	320	119	12	1255	0	0	FULL	1	327255
479	390	99	18	250	15	13	FULL	4	447299
349	226	197	3069	250	0	0	FULL	2	82861
554	344	87	16	273	15	15	FULL	4	885534
500	173	192	3217	250	0	0	FULL	3	424841
396	259	141	4321	369	0	0	FULL	1	308740
381	201	241	18	250	16	15	FULL	1	636829
327	281	157	0	250	13	12	FULL	1	766219
355	202	202	0	250	11	13	FULL	2	684773
361	213	202	0	250	0	0	FULL	2	858131
423	346	99	14	362	7	7	FULL	1	819862
319	254	178	0	434	43	50	ALL_EDGES	1	782954
367	304	112	12	758	29	28	FULL	3	155829
384	223	228	19	690	0	0	FULL	1	869409
312	215	290	1462	441	0	0	FULL	1	356051
398	313	124	31	1022	0	0	FULL	1	323774
410	280	109	2050	882	9	5	FULL	3	765166
292	196	272	1364	425	0	0	FULL	4	683572
325	195	198	0	500	0	0	FULL	1	699803
446	272	127	2898	661	0	0	FULL	5	296768
350	253	209	37	475	0	0	FULL	1	704710
359	245	177	15	250	0	0	FULL	1	391763
357	270	140	1620	841	22	22	FULL	4	42796
244	192	372	35	771	22	24	FULL	1	102220
421	228	193	18	876	0	0	ALL_EDGES	4	788344
270	210	346	5187	542	0	0	ALL_EDGES	1	246802
354	238	161	1998	969	0	0	FULL	4	309046
396	167	203	0	250	22	24	FULL	3	137456
367	243	152	13	662	0	0	FULL	1	150436
313	247	200	0	416	0	0	FULL	3	917956
361	306	122	2106	423	0	0	FULL	8	772746
362	209	192	14	670	0	0	FULL	6	536937
407	313	106	13	529	0	0	FULL	2	463527
293	186	286	15	530	0	0	FULL	1	629557
421	270	137	15	804	24	25	FULL	3	679779
402	356	122	3990	500	17	13	FULL	1	70659
267	164	353	15	675	0	0	FULL	1	720790
379	226	158	40	888	11	12	FULL	1	214474
361	157	256	14	250	21	21	FULL	1	74470
333	239	245	6532	663	0	0	ALL_EDGES	2	113527
318	188	259	0	287	22	20	FULL	2	94849
316	186	212	0	768	0	0	FULL	1	403646
389	263	180	0	932	0	0	ALL_EDGES	3	172724
325	216	278	19	250	0	0	FULL	1	503883
312	296	157	4727	250	23	21	ALL_EDGES	1	608881
385	251	171	16	1174	0	0	FULL	1	477103
393	206	179	0	462	0	0	FULL	2	888863
364	301	142	0	519	13	17	FULL	12	73793
453	274	149	37	736	25	28	FULL	1	695046
348	284	198	19	250	0	0	FULL	1	750897
333	234	186	0	250	0	0	FULL	1	408671
260	196	303	0	462	0	0	FULL	2	359988
391	291	110	12	250	17	22	FULL	4	509020
356	258	168	15	250	0	0	FULL	1	6342
328	190	217	13	264	37	37	FULL	1	97079
234	195	295	27	250	0	0	ALL_EDGES	3	7440
401	243	201	1833	440	0	0	ALL_EDGES	1	155843
432	302	119	15	250	0	0	FULL	2	519567
287	196	309	0	1190	0	0	FULL	1	989901
346	225	187	14	2073	14	13	ALL_EDGES	1	893092
349	161	222	12	250	10	9	FULL	3	120832
391	268	186	4114	250	0	0	ALL_EDGES	1	695934
277	216	209	1662	439	0	0	FULL	1	714129
334	257	146	12	265	8	8	FULL	1	312359
332	235	213	0	250	7	3	FULL	3	197659
317	208	235	0	299	0	0	ALL_EDGES	3	347993
334	281	209	2632	605	0	0	FULL	6	344534
369	266	158	15	250	32	34	FULL	2	873638
546	243	117	15	360	12	19	FULL	1	861576
307	265	202	0	933	7	12	FULL	1	826966
377	320	120	14	445	0	0	ALL_EDGES	3	231262
593	275	113	0	399	22	19	FULL	6	730333
439	173	177	4252	459	0	0	FULL	3	199141
364	258	133	2650	501	0	0	ALL_EDGES	2	754101
425	350	91	13	331	0	0	FULL	2	882793
418	380	91	14	615	8	9	FULL	1	449138
384	156	224	0	582	0	0	FULL	1	191134
370	184	227	3658	374	0	0	FULL	2	592089
350	206	270	19	561	11	9	FULL	2	18305
394	307	120	14	250	26	28	ALL_EDGES	2	33490
356	187	188	0	1094	17	25	ALL_EDGES	3	908464
360	286	161	0	696	0	0	FULL	2	525475
336	284	131	0	250	0	0	FULL	1	397705
323	200	225	0	268	16	16	FULL	2	242676
314	226	219	4495	406	0	0	FULL	4	266752
395	248	128	12	250	17	15	FULL	4	813554
355	170	208	12	526	16	18	FULL	1	181866
335	227	216	1089	268	0	0	FULL	1	321220
329	288	164	15	250	0	0	FULL	2	837020
273	231	229	14	250	16	14	FULL	4	527446
318	244	213	0	322	23	20	FULL	2	283742
430	269	108	2037	305	22	21	FULL	2	171772
382	327	100	7062	1046	14	19	FULL	2	454172
562	231	154	2940	289	0	0	ALL_EDGES	1	554096
547	247	115	46	1279	22	23	FULL	8	393101
410	190	237	0	543	0	0	ALL_EDGES	1	37071
319	277	142	12	426	0	0	FULL	1	58976
394	217	182	868	444	0	0	FULL	1	747893
304	198	258	15	633	0	0	FULL	1	290224
481	292	110	15	423	0	0	FULL	1	95729
383	240	136	12	250	18	19	FULL	3	501482
392	285	178	40	659	0	0	ALL_EDGES	1	73063
360	269	160	3875	566	23	27	FULL	2	566656
495	225	166	18	841	28	30	FULL	1	732016
390	311	161	0	369	5	9	FULL	1	455886
339	243	176	2755	335	0	0	FULL	3	204442
338	222	179	13	1002	0	0	FULL	1	537787
398	280	139	0	875	6	9	FULL	3	686563
330	245	167	1269	250	12	9	FULL	2	709974
404	181	212	15	578	0	0	FULL	1	326959
373	279	149	15	373	0	0	FULL	3	169282
244	202	394	3451	382	0	0	FULL	1	636701
366	249	169	31	275	18	14	FULL	2	598063
400	256	151	15	527	0	0	FULL	1	763126
382	254	191	18	1133	8	10	ALL_EDGES	2	573557
399	321	144	18	902	28	36	FULL	1	583562
290	216	248	31	377	0	0	FULL	1	318556
362	249	172	15	775	34	35	FULL	2	996916
464	254	131	15	250	0	0	FULL	3	339201
379	209	209	16	893	26	27	FULL	1	751201
426	284	120	4321	379	0	0	FULL	2	852411
364	223	166	13	429	12	11	FULL	1	519243
350	265	167	15	1045	9	15	FULL	1	435301
378	192	186	13	1167	17	25	FULL	4	395530
377	296	147	16	728	25	24	FULL	1	179764
465	246	136	31	848	36	34	FULL	5	791184
298	243	215	31	803	0	0	FULL	4	147168
429	238	142	0	916	0	0	FULL	1	922988
282	227	196	1950	250	29	35	FULL	3	873506
359	292	139	522	1048	0	0	ALL_EDGES	2	301565
382	277	137	2494	1134	0	0	FULL	2	164113
318	184	213	12	877	0	0	FULL	1	900858
331	247	190	3487	373	28	29	FULL	1	53112
327	210	197	742	505	31	31	FULL	2	935663
344	187	193	2987	250	11	11	FULL	4	260637
480	310	111	16	405	0	0	FULL	1	116072
376	268	199	0	640	0	0	ALL_EDGES	1	502856
302	223	201	13	464	0	0	FULL	2	212825
258	270	209	14	591	0	0	FULL	2	796581
266	212	257	14	688	0	0	FULL	2	960382
389	294	135	15	479	23	24	FULL	1	410021
347	237	201	16	1320	0	0	FULL	1	836532
289	234	244	0	250	0	0	FULL	4	960388
326	230	219	16	390	0	0	FULL	5	407810
422	308	154	4160	582	22	22	FULL	1	250442
359	228	227	3792	1105	0	0	FULL	3	724473
343	277	132	0	250	11	15	FULL	2	753477
473	379	109	1267	532	0	0	FULL	2	656062
428	283	153	37	801	12	10	FULL	1	843566
454	226	190	19	435	25	19	FULL	2	579856
350	228	194	15	690	0	0	FULL	2	456088
345	271	134	12	1492	0	0	ALL_EDGES	3	644973
407	207	220	18	477	31	29	FULL	1	670297
223	143	389	37	418	22	29	FULL	2	375814
340	246	173	3277	806	18	26	FULL	6	796485
356	254	150	0	764	0	0	FULL	1	910056
272	188	264	13	393	0	0	FULL	1	703967
362	254	158	29	825	0	0	FULL	1	801825
367	315	151	2065	376	0	0	ALL_EDGES	2	362594
402	351	131	3533	470	22	18	FULL	2	343207
286	189	286	4913	356	0	0	FULL	2	558120
356	270	171	2095	794	0	0	FULL	1	454760
308	270	224	18	388	0	0	FULL	2	509836
339	280	174	0	372	36	34	FULL	2	206590
408	245	145	14	673	0	0	FULL	1	485935
407	238	160	15	264	0	0	FULL	2	611204
325	249	166	1944	358	41	37	ALL_EDGES	2	106321
361	252	170	3053	632	0	0	FULL	2	221045
278	257	176	1837	250	0	0	FULL	2	799107
318	261	163	0	431	16	19	ALL_EDGES	1	180510
270	141	329	0	250	0	0	FULL	2	132126
269	231	217	13	258	19	22	FULL	4	628510
262	250	205	0	439	12	12	FULL	1	639886
313	260	238	19	1370	11	6	FULL	4	302089
373	267	196	19	613	0	0	FULL	5	731800
287	170	276	13	250	33	33	FULL	1	661628
432	283	135	0	1011	20	21	FULL	2	701934
269	205	264	942	576	20	27	FULL	1	372618
341	226	175	2322	860	0	0	FULL	3	267125
468	237	166	18	583	0	0	FULL	1	224453
264	246	253	0	340	49	51	FULL	3	192996
295	266	159	25	250	20	19	FULL	1	966605
399	279	140	15	883	40	48	FULL	1	887897
509	389	78	2542	843	0	0	FULL	1	125317
289	231	186	12	538	0	0	FULL	4	263752
416	268	174	39	626	0	0	FULL	1	628104
304	224	243	0	250	39	44	FULL	1	726885
362	275	126	887	685	0	0	FULL	3	611583
508	206	187	19	1338	45	46	FULL	1	557223
431	274	131	15	952	20	22	FULL	2	166197
338	234	195	0	791	6	14	FULL	2	408989
361	218	236	37	862	0	0	FULL	2	905866
456	210	162	0	539	13	9	FULL	2	741278
288	218	199	25	1094	0	0	FULL	5	502099
332	193	226	29	791	0	0	FULL	4	652968
404	346	139	3217	781	23	19	FULL	3	34590
243	166	337	0	360	39	39	FULL	2	579887
296	165	256	0	664	14	16	FULL	1	682180
441	224	157	0	768	0	0	FULL	1	647167
501	236	122	2929	700	9	12	FULL	4	173036
439	242	118	0	340	0	0	FULL	1	371789
311	226	221	15	1386	0	0	FULL	3	352331
268	258	254	17	504	0	0	FULL	3	63719
242	167	382	15	1297	24	20	FULL	1	777858
330	240	183	551	263	11	11	FULL	1	467778
358	252	183	16	574	0	0	FULL	1	644523
437	285	161	20	360	7	11	FULL	1	748856
343	275	185	17	842	23	23	FULL	1	23099
261	196	264	1444	460	0	0	FULL	1	754352
383	291	174	19	831	36	34	FULL	2	497306
312	279	154	13	487	12	11	FULL	2	619424
347	297	170	3465	490	0	0	ALL_EDGES	1	721481
358	297	137	1566	424	26	28	FULL	2	421
389	291	128	29	250	0	0	ALL_EDGES	2	63910
336	218	198	14	486	27	29	FULL	2	422751
360	196	234	33	603	12	13	FULL	3	81182
309	208	240	31	355	26	24	FULL	3	127710
313	203	229	14	441	3	7	FULL	3	50037
386	225	213	2368	348	0	0	FULL	1	746655
368	246	138	12	400	0	0	ALL_EDGES	3	507862
275	166	274	3462	604	16	23	FULL	1	954620
423	289	126	0	726	0	0	FULL	2	636413
265	138	423	15	887	0	0	FULL	2	567082
279	234	207	4050	250	13	19	FULL	1	426734
349	225	158	0	250	0	0	FULL	1	576366
342	200	182	12	1374	0	0	ALL_EDGES	1	226976
371	192	217	0	326	11	11	FULL	2	652388
325	246	231	6401	1150	0	0	FULL	3	246107
422	259	142	2805	466	0	0	FULL	5	307751
329	227	261	19	391	0	0	FULL	3	3596
338	213	215	418	461	0	0	ALL_EDGES	4	800844
461	352	107	17	939	0	0	FULL	2	306133
477	201	152	14	837	0	0	FULL	2	246723
309	272	149	0	529	20	24	FULL	4	485690
348	212	237	0	265	14	15	FULL	2	913659
408	304	133	0	1100	16	14	FULL	5	510561
381	249	153	0	250	0	0	FULL	2	240789
285	207	314	18	250	0	0	FULL	1	310417
286	225	211	13	395	17	21	FULL	1	82754
307	307	133	1450	380	14	18	FULL	2	282762
355	277	198	19	520	0	0	FULL	1	165501
340	294	165	16	718	28	30	FULL	1	254731
330	280	167	0	436	27	26	FULL	1	194989
473	303	136	19	250	6	10	FULL	1	481379
384	217	174	0	837	20	24	FULL	1	930834
321	173	332	7973	918	18	15	FULL	7	313251
342	249	170	3030	353	0	0	FULL	2	329910
303	224	198	1647	603	0	0	FULL	1	501707
334	226	245	18	325	0	0	FULL	1	77787
338	254	181	15	250	0	0	FULL	1	815813
303	219	278	18	564	0	0	FULL	3	476145
332	243	180	1392	1380	0	0	FULL	3	607016
388	257	155	0	406	6	6	FULL	1	722815
380	214	227	2201	250	0	0	ALL_EDGES	1	791156
341	261	209	18	250	0	0	FULL	2	875936
365	219	232	1998	515	0	0	FULL	3	681266
297	184	283	15	864	0	0	ALL_EDGES	1	516502
340	224	178	2821	415	20	20	FULL	1	833033
311	192	276	0	532	0	0	FULL	2	501680
401	308	126	3627	488	28	32	FULL	2	660902
400	236	185	3010	410	12	14	FULL	4	265743
336	186	247	2402	510	0	0	FULL	1	746636
261	178	269	0	828	11	11	FULL	1	726145
331	249	164	0	250	48	55	FULL	2	947963
383	247	211	20	488	32	32	FULL	1	515085
293	173	285	14	660	0	0	FULL	1	224665
313	194	289	0	802	0	0	ALL_EDGES	1	794049
372	248	157	0	250	0	0	ALL_EDGES	3	210010
264	245	224	14	1607	18	19	FULL	6	709958
356	290	170	35	386	45	47	FULL	1	29797
412	173	274	19	697	0	0	CORNERS	5	961654
266	228	306	4384	250	1	2	FULL	2	167042
418	196	176	4828	1496	23	23	ALL_EDGES	1	167194
273	217	211	0	473	0	0	FULL	3	662429
321	228	184	13	439	0	0	ALL_EDGES	1	962405
314	190	208	25	250	9	12	FULL	2	903825
325	253	188	0	641	0	0	FULL	2	657641
343	269	157	0	634	0	0	FULL	2	178950
314	245	228	0	527	14	17	FULL	2	898795
419	271	172	19	467	0	0	ALL_EDGES	1	37433
367	233	229	39	250	13	9	FULL	4	125250
395	278	142	15	976	17	19	FULL	5	483707
267	209	259	29	429	22	24	FULL	1	837568
360	276	126	1725	250	40	45	ALL_EDGES	3	652821
437	307	130	17	250	0	0	FULL	1	673786
457	211	192	18	410	0	0	FULL	2	55893
409	314	152	19	250	0	0	ALL_EDGES	1	478112
347	232	181	14	307	18	19	FULL	3	865366
310	223	180	12	305	25	27	FULL	1	638801
389	330	129	0	763	15	17	FULL	4	108092
350	263	169	1534	965	30	34	ALL_EDGES	1	890276
364	243	174	31	745	21	23	FULL	2	612870
320	235	207	46	489	0	0	FULL	2	862733
371	303	138	31	380	0	0	FULL	1	76274
329	214	263	18	1163	0	0	FULL	1	576522
350	239	184	0	512	15	19	FULL	2	770063
271	195	237	1237	306	13	14	FULL	2	807892
358	274	189	2867	429	0	0	FULL	3	390023
300	283	171	14	755	7	15	FULL	4	823552
405	273	167	7215	250	16	16	FULL	1	256665
336	216	172	12	462	0	0	FULL	1	874751
293	223	222	0	983	0	0	ALL_EDGES	2	86075
297	231	183	0	250	21	29	FULL	1	956933
367	313	170	1267	1038	15	11	FULL	2	937070
423	330	132	18	440	20	17	FULL	6	397396
300	232	194	0	250	0	0	FULL	5	781917
375	210	247	39	250	0	0	FULL	4	123022
376	250	165	15	399	0	0	FULL	1	342991
398	167	187	12	250	0	0	FULL	1	649303
331	245	155	0	447	25	23	FULL	1	150492
370	249	157	6815	1124	16	22	FULL	4	661924
273	191	260	2308	788	0	0	FULL	1	24741
334	243	154	2925	1685	0	0	FULL	1	932112
321	234	248	18	593	0	0	FULL	9	779556
355	229	190	15	416	19	18	FULL	1	944621
408	248	193	1813	250	13	18	FULL	2	190834
294	217	260	0	461	0	0	FULL	2	429722
455	329	90	0	461	22	24	FULL	3	126581
333	220	211	15	700	26	25	FULL	1	546832
460	291	146	2106	763	0	0	FULL	3	54179
410	248	191	19	1131	0	0	FULL	2	535673
310	222	183	12	445	37	34	FULL	2	912382
311	201	215	0	460	20	26	FULL	1	566452
317	257	190	2154	360	0	0	FULL	2	871134
329	244	205	2392	373	27	31	FULL	3	366759
362	303	123	13	466	35	31	FULL	1	26448
442	374	94	31	395	27	25	FULL	2	839917
382	227	167	14	250	34	38	FULL	2	345213
311	203	262	0	612	0	0	FULL	1	77543
381	352	130	17	250	12	14	FULL	3	541211
327	279	214	19	250	36	35	FULL	1	30459
385	297	144	5098	874	0	0	FULL	1	437131
464	239	131	14	254	0	0	FULL	1	252368
279	273	177	0	438	0	0	FULL	2	530584
321	274	165	14	488	0	0	FULL	1	825221
407	350	123	17	770	43	42	FULL	1	939274
366	224	152	12	493	0	0	FULL	2	338784
345	188	239	15	270	21	23	FULL	1	388649
343	245	160	13	1312	0	0	FULL	4	672333
433	240	149	15	250	0	0	FULL	1	723311
346	272	133	12	687	23	17	FULL	1	391646
353	274	170	16	921	4	3	FULL	2	387505
470	231	143	15	956	0	0	FULL	4	297433
349	281	188	0	944	0	0	FULL	2	826599
396	242	152	14	468	0	0	FULL	2	672625
251	174	308	2106	390	0	0	FULL	1	717853
418	213	185	16	657	14	13	FULL	1	881216
303	274	187	0	579	24	30	FULL	4	422858
355	188	218	14	466	0	0	FULL	1	904354
308	195	241	3146	656	0	0	ALL_EDGES	2	603261
409	206	238	20	387	28	28	ALL_EDGES	3	718403
402	202	178	14	880	34	38	FULL	2	192209
325	216	207	14	634	10	10	FULL	1	822779
344	240	201	1897	633	0	0	FULL	2	405240
354	290	180	1535	397	16	23	FULL	2	658852
419	238	166	2112	775	27	29	FULL	1	69612
415	327	107	3407	512	0	0	FULL	4	83871
355	210	221	3613	730	0	0	FULL	4	292114
348	323	121	13	435	0	0	ALL_EDGES	1	724949
378	301	128	43	385	20	19	FULL	2	244424
513	234	146	17	761	0	0	FULL	1	275114
313	239	208	0	382	0	0	FULL	1	434230
317	214	288	19	1269	0	0	FULL	1	831135
437	291	145	18	250	17	18	FULL	5	934063
423	216	169	2402	631	24	26	FULL	2	972420
387	269	130	40	709	0	0	FULL	1	120598
401	273	114	4637	411	9	12	FULL	2	422333
294	246	270	2866	756	25	27	FULL	5	254614
398	296	169	20	1091	31	31	ALL_EDGES	3	190695
340	244	151	0	389	0	0	FULL	5	387983
270	220	244	14	1076	35	43	FULL	3	24159
468	281	118	2542	888	0	0	FULL	2	107023
371	313	134	2201	615	0	0	FULL	3	896710
328	274	227	0	637	19	21	FULL	2	107134
305	299	281	0	250	19	12	FULL	1	815657
450	329	139	20	818	14	12	FULL	3	683330
428	340	175	25	993	0	0	FULL	1	933778
597	340	155	31	250	0	0	FULL	6	322039
362	308	211	47	1265	0	0	FULL	1	36659
334	232	292	2092	652	0	0	FULL	1	968795
390	271	259	0	786	0	0	FULL	1	779242
383	271	216	4905	412	0	0	ALL_EDGES	1	410355
428	249	221	23	993	33	35	FULL	3	455779
349	312	251	1842	675	20	22	FULL	2	671101
399	320	184	47	352	0	0	ALL_EDGES	1	805688
437	292	207	26	316	0	0	FULL	2	380181
544	312	180	30	838	0	0	FULL	2	940061
381	234	276	49	250	0	0	FULL	3	992932
435	287	213	0	250	0	0	FULL	2	160836
601	363	140	61	250	20	25	FULL	3	730347
484	390	119	2902	250	0	0	FULL	2	886106
