350	188	160	10	484	24	32	FULL	1	826027
345	293	114	11	660	27	26	ALL_EDGES	5	260156
369	215	69	5	250	15	19	FULL	2	918886
254	164	132	1474	316	10	3	FULL	1	571296
304	175	217	11	500	0	0	CORNERS	4	164949
319	141	233	10	989	18	17	FULL	1	548078
328	238	109	1734	1322	6	3	FULL	1	252180
235	171	212	1496	250	10	16	FULL	2	646786
290	164	178	2635	718	25	27	FULL	1	426754
325	225	157	1690	250	21	21	FULL	1	28115
299	234	171	12	1080	0	0	FULL	3	649325
279	227	182	0	633	0	0	ALL_EDGES	2	667728
255	218	172	0	677	17	19	FULL	3	463554
296	196	198	0	765	0	0	FULL	1	90184
367	212	135	2814	856	0	0	FULL	1	447296
389	259	104	10	472	0	0	FULL	1	935656
336	173	112	6	787	6	9	FULL	2	998295
252	193	93	4	494	24	34	FULL	2	487696
352	170	192	11	326	15	14	FULL	3	249619
260	161	274	11	365	0	0	FULL	1	76212
396	203	106	2686	250	0	0	FULL	2	513713
262	192	229	0	650	20	17	FULL	1	647265
269	230	138	0	421	0	0	FULL	4	407274
279	151	178	7	1073	0	0	FULL	2	768660
220	137	149	1246	839	13	13	FULL	2	488258
321	233	140	10	479	29	35	FULL	2	192683
243	213	165	17	250	0	0	FULL	4	747300
258	190	234	0	345	0	0	FULL	2	56646
304	215	115	7	1106	0	0	FULL	3	816930
130	97	276	630	398	26	33	FULL	2	161718
274	196	159	17	250	0	0	FULL	1	932022
260	163	177	7	353	13	12	FULL	1	536853
235	142	134	4	369	41	46	FULL	1	92903
286	219	119	7	602	31	36	FULL	4	234305
307	276	124	10	250	0	0	FULL	5	396206
277	171	95	94	454	0	0	FULL	3	805513
380	246	123	3910	250	0	8	FULL	2	17809
293	231	170	1817	305	0	0	FULL	1	792890
442	231	103	21	894	33	37	FULL	1	193852
362	290	109	0	476	19	17	FULL	5	319548
334	248	127	3885	250	15	15	ALL_EDGES	1	439148
419	221	124	23	989	0	0	FULL	2	438696
281	195	173	988	250	0	0	FULL	1	272911
260	193	189	1510	250	19	18	FULL	2	601473
360	251	94	8	289	0	0	FULL	1	430036
257	206	161	1844	250	0	0	FULL	4	153191
351	264	91	8	372	0	0	FULL	2	229692
263	204	195	21	470	26	21	FULL	2	547815
242	172	108	4	396	0	0	FULL	4	451088
253	181	252	701	279	8	9	FULL	1	521524
195	181	128	661	756	13	11	FULL	4	82884
306	215	114	7	662	28	31	FULL	1	471753
267	212	203	1345	702	0	0	FULL	1	52075
256	113	329	9	433	0	0	FULL	3	609726
276	225	185	11	332	0	0	FULL	7	68345
244	179	218	9	974	0	0	FULL	1	959922
294	224	159	10	384	0	0	FULL	2	448454
292	237	80	11	468	31	36	FULL	2	84972
227	146	136	711	363	0	0	FULL	1	626916
340	295	115	2323	250	0	0	FULL	1	347681
277	137	118	81	640	0	0	FULL	2	770879
321	229	128	9	250	21	19	FULL	1	597991
303	200	189	23	775	26	28	FULL	3	467319
236	175	133	1303	1453	0	0	FULL	2	718720
316	275	109	0	918	0	0	FULL	3	584667
267	193	165	1776	796	0	0	FULL	2	184603
229	179	182	0	843	0	0	FULL	2	608978
274	205	204	1817	733	0	0	FULL	1	962873
304	260	152	3132	729	0	0	FULL	5	724266
216	156	134	4	726	20	23	FULL	2	933293
252	187	159	7	377	0	0	ALL_EDGES	1	666302
302	189	202	11	502	0	0	ALL_EDGES	4	680654
472	209	121	1188	571	0	0	FULL	1	558197
332	202	127	8	623	43	39	FULL	1	867017
429	278	101	3204	435	0	0	FULL	3	246776
294	194	166	9	484	20	24	ALL_EDGES	3	260249
266	125	225	7	934	13	19	FULL	1	626129
239	167	213	2023	250	0	0	FULL	3	65912
276	223	138	8	483	0	0	FULL	1	563843
301	187	203	0	682	0	0	ALL_EDGES	1	238355
303	169	147	0	250	14	15	FULL	3	916480
327	258	136	1069	1264	44	48	FULL	1	10589
229	138	143	0	295	0	0	FULL	2	709187
316	208	114	7	332	0	0	FULL	1	646665
328	210	124	8	753	0	0	ALL_EDGES	5	428107
310	230	147	0	610	0	0	FULL	2	54282
248	175	267	0	388	0	0	FULL	6	439646
193	127	184	603	545	15	21	FULL	1	85723
256	162	108	0	551	0	0	FULL	1	645808
221	146	171	5	966	0	0	FULL	2	23188
280	191	159	8	714	19	20	FULL	1	82602
376	244	114	1921	465	0	0	FULL	1	360597
324	158	107	781	886	20	22	FULL	2	693623
263	150	115	4	346	20	23	FULL	3	965839
299	194	147	1241	332	10	11	FULL	3	725829
426	383	70	0	611	0	0	FULL	2	45933
335	99	258	8	474	39	42	FULL	1	8088
271	191	204	0	415	25	28	ALL_EDGES	5	961396
464	214	116	2599	250	45	43	FULL	1	351146
227	176	162	0	397	35	38	FULL	1	55655
282	152	129	5	363	0	0	FULL	2	521387
298	173	204	10	830	33	31	FULL	3	208169
193	135	135	465	639	11	13	FULL	2	289096
279	199	153	8	427	10	14	FULL	4	902858
274	175	135	6	432	0	0	FULL	3	268297
264	246	85	1012	250	0	0	FULL	2	568806
397	201	119	9	250	17	17	FULL	2	263762
293	213	184	11	1244	0	0	FULL	1	634260
246	210	87	4	1304	0	0	ALL_EDGES	2	888995
263	189	212	0	250	0	0	FULL	6	207816
318	245	83	1287	549	0	0	FULL	4	632785
264	161	106	4	418	0	0	FULL	3	154447
249	185	98	9	881	25	25	CORNERS	2	581665
236	145	162	0	579	25	24	FULL	1	799422
328	232	151	3105	1254	0	0	ALL_EDGES	2	899409
288	162	161	0	250	0	0	FULL	3	222483
286	257	129	19	921	8	8	FULL	2	233251
319	213	81	5	626	0	0	FULL	3	747231
203	143	257	405	397	0	0	FULL	15	313327
252	192	238	11	1427	0	0	FULL	1	692037
250	213	196	10	988	14	13	FULL	1	755506
263	171	189	1657	533	0	0	ALL_EDGES	2	360264
187	152	263	7	428	33	35	ALL_EDGES	2	331723
313	258	143	586	282	0	0	FULL	1	336940
297	217	131	1037	944	19	25	FULL	1	139640
302	125	93	3	1289	0	0	FULL	2	183293
326	235	111	0	921	0	0	FULL	2	249215
329	254	102	1615	1256	0	0	FULL	1	159219
296	239	106	0	1045	31	31	ALL_EDGES	2	906729
317	229	117	0	250	0	0	FULL	2	748999
375	251	80	15	456	23	25	FULL	1	535826
193	175	223	7	346	27	27	FULL	1	425503
265	158	273	3323	975	33	35	FULL	1	29498
283	186	143	7	321	0	0	FULL	7	109693
267	194	106	181	634	0	0	ALL_EDGES	1	182615
306	184	214	12	969	0	0	FULL	3	869208
237	139	320	10	585	10	7	FULL	9	474232
289	143	157	0	523	0	0	ALL_EDGES	5	534638
304	167	167	0	1199	0	0	CORNERS	3	656102
237	148	185	6	1083	0	0	ALL_EDGES	2	176748
317	231	157	11	506	0	0	FULL	3	529861
239	141	134	4	1108	21	20	FULL	3	770838
330	185	172	0	337	21	19	FULL	1	125372
307	200	188	11	626	7	12	FULL	4	48464
280	153	198	8	1342	0	0	FULL	1	26259
353	225	145	11	561	0	0	FULL	1	306898
428	256	105	11	286	17	16	FULL	1	955133
317	191	172	10	275	0	0	FULL	3	355288
246	184	144	0	692	0	0	FULL	2	299745
236	181	105	4	250	12	15	FULL	3	145526
248	205	168	8	566	17	19	FULL	8	398404
259	152	114	4	603	0	0	FULL	1	890201
379	297	85	9	619	22	25	FULL	2	321946
351	212	114	0	483	0	0	FULL	4	250277
328	220	132	9	656	0	0	FULL	1	856096
332	229	125	1871	995	0	0	FULL	3	136995
327	216	163	839	524	0	0	ALL_EDGES	2	828312
294	203	142	8	250	0	0	FULL	1	685130
335	239	94	7	1121	0	0	FULL	1	692467
254	180	120	1694	475	0	0	FULL	2	704859
274	195	215	1598	462	0	0	FULL	2	861495
252	169	176	7	269	0	0	FULL	1	382590
292	198	129	7	250	0	0	FULL	1	51024
361	168	157	988	496	0	0	FULL	2	528992
303	186	115	0	775	43	48	FULL	3	202930
317	179	185	10	584	12	11	FULL	1	606533
235	171	163	1599	430	0	0	FULL	1	771833
419	256	112	948	387	2	4	FULL	1	366643
318	188	126	7	533	0	0	ALL_EDGES	3	362005
242	178	267	11	250	0	0	FULL	1	107601
292	223	177	11	897	39	38	FULL	1	242810
260	156	209	0	250	18	19	ALL_EDGES	2	393481
254	166	273	11	398	0	0	FULL	2	138373
257	196	89	783	630	24	21	FULL	1	981759
200	148	152	4	305	0	0	FULL	1	622840
227	172	193	15	552	0	0	ALL_EDGES	3	356035
296	199	110	1287	335	0	0	ALL_EDGES	2	83865
383	166	181	11	1185	3	7	FULL	2	827080
299	215	178	11	321	0	0	FULL	1	400997
405	187	159	0	339	13	11	FULL	1	810104
267	219	145	8	579	0	0	FULL	4	509115
230	157	181	13	331	0	0	FULL	2	504134
283	242	139	0	858	0	0	FULL	3	197811
358	284	103	0	250	18	28	ALL_EDGES	2	367986
316	255	131	10	685	34	31	FULL	2	18394
214	162	129	2187	1270	14	17	FULL	6	49897
273	245	97	1371	574	0	0	ALL_EDGES	4	197264
329	202	128	0	355	8	7	FULL	1	538875
244	241	144	8	865	0	0	FULL	6	493105
396	251	116	11	250	6	4	FULL	1	870987
338	259	97	3289	403	42	42	FULL	1	599561
256	157	187	0	1032	0	0	FULL	1	444388
313	247	149	1414	250	30	27	FULL	1	665350
260	190	233	11	616	0	0	FULL	2	123292
318	206	114	0	784	15	15	ALL_EDGES	1	482729
387	331	90	0	567	0	0	FULL	2	651066
336	227	125	9	369	35	39	FULL	2	126456
220	197	149	13	268	0	0	FULL	1	348663
239	109	325	8	418	14	12	FULL	2	10391
323	202	131	1742	958	0	0	FULL	5	87178
238	179	201	365	250	13	7	FULL	1	264796
211	134	301	1088	250	14	16	FULL	1	171431
262	151	113	4	443	0	0	FULL	1	328719
230	192	192	1309	250	0	0	ALL_EDGES	2	49191
299	241	90	806	257	27	29	FULL	1	333150
238	152	97	980	647	18	20	FULL	1	720366
339	201	110	1432	791	29	29	FULL	3	590351
280	272	137	2751	250	0	0	FULL	3	765200
250	188	138	6	250	16	15	FULL	2	342487
271	202	219	1548	360	0	0	FULL	1	514234
386	260	85	8	310	0	0	ALL_EDGES	1	94111
207	147	149	301	432	0	0	FULL	3	531452
293	286	113	3467	250	0	0	FULL	3	717031
332	237	147	23	447	0	0	FULL	5	512742
277	218	157	0	362	25	25	FULL	3	593563
301	200	141	8	586	13	14	FULL	1	158361
224	160	182	0	658	0	0	FULL	1	22003
270	146	215	0	438	0	0	ALL_EDGES	2	963596
207	173	238	8	1171	0	0	FULL	2	950277
345	166	79	4	676	0	0	FULL	3	400453
241	178	198	8	458	0	0	FULL	1	132487
440	276	70	8	939	0	0	FULL	3	559685
318	244	96	0	681	20	17	FULL	1	189225
182	102	189	3	250	0	0	FULL	2	69705
280	174	215	10	350	0	0	FULL	1	236452
351	215	159	12	858	44	45	FULL	3	749374
254	167	201	0	694	16	17	FULL	1	378308
333	248	139	1058	282	12	9	FULL	1	149870
237	169	236	9	442	0	0	FULL	1	502228
295	192	167	9	525	0	0	FULL	1	372580
266	141	173	325	291	0	0	FULL	2	5041
244	183	168	0	547	0	0	FULL	3	374840
294	204	141	8	250	0	0	FULL	3	535304
314	240	160	1548	1013	0	0	FULL	1	744786
238	144	131	1494	250	5	10	FULL	5	134926
288	128	177	6	470	30	33	FULL	3	56047
274	112	147	4	786	36	34	FULL	1	537842
249	145	319	11	492	10	15	CORNERS	2	866844
268	196	201	1407	609	18	23	FULL	1	947265
305	245	100	1687	250	11	15	FULL	1	646795
264	196	86	4	250	0	0	SHORT_EDGES	6	555441
279	234	99	1982	321	14	17	FULL	1	252046
288	146	203	8	250	0	0	FULL	1	218801
217	163	327	0	250	0	0	FULL	2	992592
270	135	232	1122	1142	11	9	FULL	3	308464
328	210	152	10	502	12	13	ALL_EDGES	3	263097
350	245	111	9	1136	19	24	FULL	3	482611
322	241	110	8	620	17	19	FULL	3	601893
390	282	86	9	650	0	0	FULL	1	732529
364	268	118	11	577	3	1	ALL_EDGES	2	270985
244	224	175	9	613	24	28	ALL_EDGES	3	454057
259	157	184	0	570	0	0	FULL	1	993697
395	237	128	0	250	0	0	FULL	1	165864
250	136	281	551	729	0	0	FULL	1	981153
293	164	238	0	547	0	0	ALL_EDGES	3	922317
268	207	117	6	1016	0	0	FULL	1	610263
294	239	122	8	1712	10	5	FULL	1	327492
271	203	82	9	831	0	0	FULL	1	679957
357	264	112	10	535	0	0	FULL	1	10369
289	174	149	1650	492	37	46	FULL	2	205891
285	164	247	11	826	0	0	ALL_EDGES	1	649754
263	141	283	0	1012	0	0	FULL	1	791557
239	184	217	9	416	12	17	FULL	2	920156
234	141	167	5	618	0	0	ALL_EDGES	2	617401
290	235	110	600	375	0	0	FULL	4	173233
261	235	171	10	250	0	0	FULL	2	414089
307	246	113	8	517	10	14	ALL_EDGES	1	602655
380	246	102	0	250	0	0	FULL	1	299861
326	192	72	4	560	36	36	ALL_EDGES	3	77935
340	285	118	1656	622	0	0	FULL	5	778082
324	202	184	2064	452	0	0	FULL	1	170776
290	201	163	0	709	0	0	FULL	2	450274
378	176	143	19	583	0	0	ALL_EDGES	2	647364
248	165	109	0	250	0	0	FULL	1	459031
286	112	235	675	783	31	36	FULL	5	935425
215	119	292	1252	542	18	21	FULL	2	675364
259	191	213	10	250	27	30	FULL	3	139605
238	154	231	1428	363	0	0	FULL	1	972910
237	138	137	4	613	0	0	FULL	2	975487
362	275	115	11	420	0	0	FULL	1	18160
227	178	210	8	1032	33	32	FULL	3	532288
394	290	74	8	942	19	21	FULL	2	522680
385	144	154	8	624	0	0	FULL	1	200711
406	348	81	2484	473	0	0	FULL	7	319675
336	186	136	8	250	0	0	FULL	2	440431
285	231	113	7	289	18	19	FULL	1	16609
325	159	223	3415	250	26	28	FULL	1	582365
267	144	117	4	579	28	27	FULL	1	161169
243	191	227	21	463	0	0	FULL	2	443075
201	116	150	3	437	0	0	FULL	1	796526
249	148	203	1297	398	0	0	FULL	2	508123
228	166	92	56	748	0	0	FULL	4	131387
306	275	136	2771	1074	16	14	FULL	1	716522
278	183	227	2415	637	0	0	FULL	1	682857
356	230	116	1814	1360	12	13	FULL	1	231702
294	180	161	1504	529	0	0	FULL	1	672145
230	194	100	9	543	0	0	FULL	3	52313
287	208	192	2518	875	0	0	ALL_EDGES	2	942187
296	160	179	1470	1029	19	18	ALL_EDGES	3	4134
295	182	83	4	561	0	0	ALL_EDGES	3	271967
295	211	153	28	250	9	13	ALL_EDGES	6	854063
277	201	206	11	390	34	33	FULL	1	559694
234	181	177	7	250	34	40	ALL_EDGES	1	961021
144	132	183	3	815	38	31	ALL_EDGES	7	523467
373	284	90	845	1021	0	0	FULL	3	299181
168	126	213	4	320	16	15	FULL	2	561751
245	123	182	599	250	0	0	FULL	3	775111
223	182	297	0	381	11	11	FULL	1	142541
250	155	167	955	841	0	0	FULL	2	468059
288	189	155	909	1583	8	13	FULL	3	533606
278	187	183	9	829	3	5	FULL	1	299739
339	257	138	12	416	0	0	FULL	1	524109
233	206	218	10	778	0	0	FULL	2	463845
329	165	139	15	1042	27	30	FULL	2	56691
239	190	143	6	336	14	18	ALL_EDGES	2	734084
290	195	187	2572	459	5	1	FULL	1	388497
320	207	174	11	250	0	0	FULL	1	808412
307	237	62	729	685	9	8	FULL	3	313824
414	249	112	4508	389	26	34	FULL	1	592078
341	163	153	1572	391	0	0	FULL	1	240292
313	225	164	23	790	0	0	FULL	2	665116
339	230	122	9	431	9	10	FULL	6	56959
258	150	143	0	250	0	0	FULL	2	786833
271	201	138	7	526	13	9	FULL	1	955368
330	228	153	11	422	0	0	FULL	2	876433
204	144	153	661	250	22	21	FULL	2	477572
255	203	165	8	907	0	0	FULL	1	832538
257	214	209	11	883	48	47	FULL	1	557693
251	240	175	1984	390	0	0	FULL	2	460523
190	158	150	522	373	0	0	FULL	3	435853
252	219	155	4862	2000	0	0	FULL	5	690205
357	224	131	10	634	0	0	FULL	2	598018
288	180	182	9	250	8	10	FULL	1	48665
262	213	205	11	250	25	28	FULL	4	789995
214	175	94	3	413	0	0	FULL	2	734542
281	198	172	9	1277	0	0	FULL	1	80320
280	195	137	1042	583	0	0	ALL_EDGES	3	233260
377	178	67	4	1015	30	31	FULL	4	367863
327	153	149	7	493	11	13	FULL	3	70149
248	149	229	0	866	0	0	FULL	3	970820
327	265	132	11	524	27	27	FULL	3	644450
351	251	108	1615	591	0	0	FULL	2	635021
165	154	178	792	250	13	13	FULL	3	801322
257	199	166	8	891	0	0	ALL_EDGES	1	584854
323	228	155	11	399	0	0	FULL	1	432894
367	240	130	11	771	12	18	FULL	1	244715
254	195	131	1443	250	33	34	FULL	1	3364
347	216	126	2736	955	19	18	FULL	2	745284
274	255	135	9	250	15	17	FULL	2	404752
327	242	146	23	573	10	12	FULL	2	783655
269	147	164	6	623	0	0	FULL	3	408441
313	169	227	24	575	0	0	FULL	2	314246
288	202	145	1887	386	34	34	FULL	2	706359
185	139	173	4	739	0	0	FULL	2	217106
258	157	296	2580	575	22	25	FULL	1	232240
456	257	98	23	1033	37	37	FULL	2	768231
266	223	126	7	450	0	0	FULL	1	170942
253	195	213	10	547	0	0	ALL_EDGES	1	286517
285	181	107	11	373	16	12	FULL	1	320733
288	221	165	10	1280	14	16	FULL	6	433541
305	196	176	10	662	15	9	FULL	2	463653
278	153	200	8	650	6	7	FULL	4	785940
344	255	120	10	782	15	20	FULL	3	361503
270	190	166	8	1019	17	20	FULL	2	513399
302	209	71	4	489	0	0	FULL	4	325103
356	237	137	11	846	16	17	ALL_EDGES	2	999380
278	227	103	13	295	0	0	FULL	2	138368
261	218	201	0	1039	0	0	ALL_EDGES	8	240841
365	159	129	0	1074	0	0	FULL	1	491452
339	227	156	1668	250	23	23	FULL	3	772679
237	156	283	21	1283	0	0	FULL	3	389799
258	185	242	2196	329	0	0	FULL	4	231374
281	141	214	0	250	0	0	FULL	1	577571
299	124	95	609	1242	13	11	FULL	2	429860
353	294	111	3818	250	0	0	FULL	2	469162
326	219	119	17	250	16	12	FULL	4	682875
344	280	120	0	901	0	0	FULL	1	800225
353	242	135	11	655	32	31	FULL	1	909368
342	245	114	19	250	0	0	FULL	3	438967
334	217	159	11	250	0	0	FULL	2	227783
198	146	226	1683	413	25	26	FULL	4	726535
325	252	104	4471	1067	0	0	FULL	1	68080
332	253	125	1344	250	0	0	FULL	2	624709
459	253	99	1989	359	18	17	ALL_EDGES	1	122157
229	113	289	1867	385	0	0	FULL	1	811955
224	164	123	9	465	0	0	FULL	2	296844
318	191	140	1929	250	36	35	ALL_EDGES	2	700074
278	184	224	11	765	0	0	FULL	1	420536
322	273	119	10	712	23	23	FULL	3	553394
237	187	170	7	434	27	27	ALL_EDGES	2	600990
403	252	74	3352	1250	33	30	FULL	4	580766
306	265	141	598	460	0	0	FULL	1	333012
408	310	91	4266	341	0	0	FULL	4	907264
195	152	253	0	390	0	0	FULL	2	161608
276	252	151	5092	1202	14	6	ALL_EDGES	2	849443
232	190	147	0	453	2	3	FULL	2	857752
330	200	174	0	516	0	0	FULL	2	318043
267	172	208	1453	1350	0	0	FULL	5	805785
200	139	162	2187	2000	0	0	FULL	1	653331
222	177	216	0	250	10	12	FULL	1	550168
242	167	111	0	1025	0	0	FULL	1	412596
356	233	138	11	358	0	0	FULL	1	853278
256	173	190	8	576	19	25	ALL_EDGES	1	616526
258	146	120	418	353	0	0	FULL	1	441323
259	222	147	8	371	38	39	ALL_EDGES	9	240649
340	189	116	1425	419	32	32	FULL	1	36291
346	263	115	0	303	13	12	FULL	2	926644
272	227	153	0	688	18	20	FULL	1	476644
254	173	148	6	250	0	0	FULL	1	545323
388	262	113	11	602	9	10	FULL	2	504638
506	333	68	2886	250	19	18	FULL	2	830207
303	225	140	9	1275	18	23	FULL	1	808647
252	228	165	9	631	35	34	ALL_EDGES	1	98637
334	239	131	10	258	5	5	FULL	1	58721
229	146	134	877	368	0	0	FULL	4	849360
241	208	109	0	565	0	0	FULL	1	86468
266	202	139	7	688	0	0	ALL_EDGES	1	745670
217	171	256	28	287	0	0	FULL	7	532585
347	198	124	8	250	0	0	FULL	1	466708
255	191	215	1228	325	0	0	FULL	2	224570
288	169	175	289	250	26	22	FULL	1	886955
449	144	132	0	652	8	10	FULL	1	499817
280	184	146	7	964	0	0	FULL	1	322257
230	133	179	5	963	32	30	FULL	2	632985
262	175	230	10	824	0	0	FULL	2	460910
208	178	231	8	701	11	12	FULL	1	895737
250	176	217	9	451	16	18	FULL	2	919943
269	153	157	1365	250	0	0	ALL_EDGES	3	500749
236	182	198	1836	408	16	15	FULL	1	573536
317	262	114	9	1024	12	12	FULL	1	267857
240	182	148	1176	326	0	0	FULL	3	109831
216	140	116	0	783	0	0	FULL	5	473792
264	146	168	0	446	18	20	FULL	2	212176
369	295	87	9	604	27	32	FULL	1	234635
301	206	137	0	907	0	0	FULL	2	892493
306	213	176	1288	436	8	7	FULL	1	826141
238	118	267	2430	893	4	11	FULL	2	807503
312	256	94	0	865	19	20	FULL	1	560859
299	234	172	24	405	0	0	FULL	3	534742
433	261	75	0	644	3	6	FULL	2	266378
311	188	179	10	745	12	11	FULL	6	213548
322	235	99	442	535	0	0	FULL	1	425493
299	222	128	2346	296	0	0	FULL	2	220029
281	205	200	23	529	0	0	FULL	1	848715
431	292	67	0	666	19	19	FULL	1	672280
302	189	149	8	250	0	0	FULL	1	727826
191	149	297	1300	814	0	0	FULL	1	582951
251	116	188	5	565	27	28	FULL	3	631323
281	195	210	2415	317	31	34	FULL	1	90762
332	240	144	23	880	14	16	FULL	2	215314
183	125	153	1123	250	0	0	FULL	1	78570
338	263	107	9	250	0	0	FULL	1	16492
214	198	130	5	727	20	18	FULL	2	29036
281	237	172	11	545	0	0	FULL	1	178512
194	143	342	9	515	0	0	FULL	2	80727
301	192	148	0	250	19	21	FULL	2	76471
214	203	104	9	687	0	0	ALL_EDGES	1	219516
282	208	146	756	897	22	22	FULL	1	564607
261	202	161	1861	561	32	32	FULL	5	216971
218	170	202	22	967	0	0	FULL	2	331858
274	167	187	790	250	0	0	FULL	2	424308
355	238	89	7	550	0	0	FULL	2	652945
330	186	106	6	250	0	0	FULL	2	310068
248	192	95	4	366	0	0	ALL_EDGES	2	536491
344	249	87	7	250	0	0	FULL	2	93907
260	236	155	9	1123	0	0	FULL	2	435406
324	258	114	0	471	0	0	ALL_EDGES	2	810422
204	138	161	1156	476	0	0	ALL_EDGES	3	973654
356	275	77	1222	393	13	13	FULL	2	618631
289	209	91	11	551	0	0	FULL	2	586838
279	190	122	1235	1148	36	36	FULL	3	666218
256	157	137	11	443	0	0	FULL	4	808102
254	154	218	833	1243	30	27	FULL	1	173976
325	276	106	2593	610	23	24	ALL_EDGES	3	824729
241	144	216	7	976	16	14	ALL_EDGES	1	502686
277	201	153	8	1675	5	9	FULL	5	555651
232	157	208	1417	636	0	0	FULL	2	148312
358	238	112	0	792	0	0	ALL_EDGES	1	641089
334	195	162	10	299	0	0	FULL	1	736950
192	137	170	0	250	0	0	ALL_EDGES	3	594259
269	235	118	15	250	0	0	FULL	1	103100
315	202	166	10	1186	0	0	FULL	1	575430
335	208	123	1989	865	32	29	FULL	3	808532
429	187	143	517	529	35	38	FULL	1	942350
229	187	153	2008	1311	0	0	FULL	1	471704
251	203	166	8	946	0	0	FULL	6	284823
285	191	157	8	458	0	0	FULL	8	538232
396	257	118	0	873	26	29	FULL	4	133197
271	201	211	11	486	10	19	FULL	2	556588
299	221	173	0	250	0	0	FULL	3	709465
331	249	127	1375	430	0	0	FULL	1	690861
273	182	191	9	353	32	31	FULL	1	212660
257	200	166	8	471	0	0	ALL_EDGES	2	471128
268	195	163	0	1618	9	12	FULL	1	377130
269	220	194	1426	567	22	22	FULL	4	872625
290	210	189	0	334	0	0	FULL	1	285294
332	224	141	10	250	0	0	FULL	2	940484
201	132	283	787	515	25	27	FULL	1	700519
199	173	248	4522	913	16	14	FULL	3	822232
232	154	208	2010	595	0	0	ALL_EDGES	2	828359
301	171	184	0	607	17	16	ALL_EDGES	1	770219
236	164	193	15	1533	0	0	FULL	3	244540
219	218	157	7	250	0	0	FULL	3	871457
330	279	124	0	903	0	0	FULL	1	271086
324	169	192	588	451	22	23	FULL	2	266456
280	199	206	11	250	0	0	FULL	2	679580
264	216	210	0	695	0	0	ALL_EDGES	2	831811
378	197	155	0	551	0	0	ALL_EDGES	2	944983
181	141	216	5	645	33	35	FULL	1	572191
263	144	173	13	382	33	34	FULL	1	794288
262	227	176	21	319	29	26	ALL_EDGES	1	987786
299	211	103	13	600	0	0	FULL	1	516571
293	178	164	8	971	0	0	FULL	1	54080
332	252	101	8	250	0	0	FULL	1	751642
357	243	86	7	250	0	0	FULL	5	316064
316	221	122	17	540	0	0	FULL	1	839366
317	250	120	9	861	18	24	FULL	1	592273
221	188	251	2824	883	4	3	FULL	3	295382
473	159	86	13	1180	0	0	FULL	3	136970
234	205	177	0	700	0	0	ALL_EDGES	1	862999
214	178	196	7	762	0	0	FULL	3	987156
367	260	120	11	250	0	0	FULL	3	668856
255	204	144	7	412	32	37	FULL	1	595207
274	169	97	4	587	24	27	FULL	1	579900
191	148	124	3	549	0	0	FULL	1	76620
342	293	95	9	423	0	0	FULL	1	313077
283	196	136	975	287	0	0	FULL	2	409045
335	207	137	1415	280	0	0	FULL	1	263781
312	194	190	23	725	39	43	FULL	1	735456
433	317	84	1667	491	0	0	FULL	2	412373
282	214	108	1332	1073	0	0	FULL	3	250986
326	264	111	1814	1159	0	0	FULL	3	346908
258	193	170	2541	250	0	0	FULL	2	444692
313	263	104	2337	485	0	0	FULL	1	919163
253	156	266	10	511	0	0	FULL	2	222302
310	149	119	11	512	0	0	FULL	4	626931
225	188	153	0	392	0	0	FULL	1	267709
245	175	267	3703	564	10	11	ALL_EDGES	1	472809
343	178	155	3695	351	0	0	FULL	1	431681
288	197	150	2813	370	17	12	FULL	1	585874
312	207	162	0	752	18	17	FULL	1	940821
292	244	119	0	435	0	0	FULL	1	875855
277	167	162	7	696	15	22	FULL	2	871210
293	190	81	4	250	31	32	FULL	2	165370
201	147	289	0	441	0	0	FULL	8	273570
258	176	142	1397	594	0	0	FULL	2	942716
370	231	135	11	896	0	0	ALL_EDGES	2	142456
286	186	216	11	644	0	0	FULL	1	985826
262	224	178	0	685	0	0	FULL	2	134666
342	172	196	11	844	13	16	FULL	5	581185
234	179	273	11	1439	21	26	FULL	2	220113
230	177	110	4	321	0	0	FULL	3	980340
315	185	196	3760	574	0	0	FULL	3	622318
340	200	96	19	638	21	25	FULL	2	358951
348	271	123	0	250	22	28	ALL_EDGES	11	792905
329	219	104	7	707	11	12	ALL_EDGES	3	827133
222	139	179	5	550	0	0	FULL	5	788885
251	231	129	7	833	0	0	FULL	2	826143
383	267	112	23	423	0	0	FULL	1	268611
260	198	204	0	474	47	47	FULL	6	578412
269	218	128	7	782	12	14	ALL_EDGES	3	303476
255	197	89	9	988	12	15	FULL	1	424745
180	144	174	4	1177	12	7	FULL	2	514755
259	216	206	2254	382	0	0	ALL_EDGES	1	903301
235	160	120	4	250	14	10	FULL	3	591598
401	200	143	2035	1066	25	22	FULL	5	111783
301	162	174	8	809	0	0	FULL	4	250970
287	148	105	382	250	23	24	FULL	1	83768
253	173	172	7	535	0	0	ALL_EDGES	2	863504
316	191	158	1653	298	0	0	FULL	2	551345
286	196	134	7	1168	0	0	FULL	2	273072
270	219	195	0	1509	0	0	FULL	2	578462
315	244	124	0	734	2	8	FULL	1	381558
221	175	116	4	250	34	36	FULL	1	617113
244	189	163	0	476	25	26	ALL_EDGES	1	748209
247	184	143	2047	599	12	10	FULL	1	532798
157	129	322	6	657	19	13	FULL	4	202544
361	182	176	11	689	6	11	FULL	2	907673
218	135	153	9	716	16	14	FULL	1	454751
372	233	86	15	250	0	0	FULL	2	417342
260	136	184	6	1302	27	33	FULL	1	629424
370	237	131	11	526	5	10	ALL_EDGES	2	166436
317	179	114	6	569	24	22	FULL	3	786703
292	222	131	8	440	31	37	FULL	3	441745
272	163	169	360	486	0	0	FULL	1	639567
351	306	79	8	488	0	0	ALL_EDGES	2	641439
274	155	178	1507	250	13	14	FULL	1	546994
246	228	214	2028	2188	22	25	FULL	2	35200
229	140	171	5	552	0	0	ALL_EDGES	1	878434
360	178	117	7	537	0	0	FULL	1	283488
301	180	212	11	250	29	33	FULL	2	335744
237	239	203	4462	250	7	8	FULL	1	472033
393	261	113	11	404	18	20	FULL	1	459169
297	240	105	7	331	33	29	FULL	2	25472
246	130	141	4	825	22	24	FULL	2	449901
269	174	245	11	250	0	0	FULL	3	231448
295	197	129	7	976	16	18	FULL	2	513563
292	216	119	1747	342	0	0	FULL	2	223939
356	256	104	9	398	6	4	FULL	1	520359
232	167	194	7	505	0	0	FULL	2	846366
234	227	159	0	611	0	0	FULL	2	654312
245	178	218	0	355	27	25	FULL	2	860075
261	266	165	1368	530	10	9	FULL	3	989968
321	240	150	11	455	0	0	ALL_EDGES	2	452771
254	211	159	1929	566	21	18	ALL_EDGES	2	817457
278	194	139	15	497	0	0	FULL	10	946398
221	143	175	0	638	14	16	FULL	2	554455
274	216	161	9	593	0	0	ALL_EDGES	4	535748
374	274	103	0	250	0	0	FULL	9	467798
429	253	143	2728	921	0	0	FULL	1	495428
350	241	161	13	1189	18	17	FULL	1	255664
294	235	181	3075	457	0	0	FULL	1	779736
277	214	243	0	250	29	29	FULL	2	506410
357	233	223	0	910	27	28	FULL	4	943838
391	261	172	1487	449	0	0	FULL	1	333792
333	236	172	3091	939	0	0	FULL	3	234435
296	205	256	15	726	0	0	FULL	1	227697
359	304	170	2516	327	12	14	ALL_EDGES	1	597090
274	184	286	14	711	12	8	FULL	1	633452
462	249	169	19	752	0	0	FULL	2	120707
432	303	126	16	250	9	16	FULL	1	94604
242	224	231	0	386	10	11	FULL	1	673890
326	170	297	16	605	31	39	FULL	2	398731
367	288	166	17	753	0	0	FULL	1	65249
437	230	154	15	250	23	27	FULL	2	442483
404	327	117	0	447	39	35	FULL	1	745025
393	238	144	2187	250	23	20	FULL	1	554347
339	209	232	33	652	24	25	FULL	1	512087
425	248	147	1658	316	24	28	FULL	2	747895
382	325	125	0	665	0	0	FULL	2	682281
297	167	375	4699	565	28	30	FULL	1	121577
414	206	147	0	884	0	0	ALL_EDGES	2	530728
484	321	100	15	502	0	0	FULL	2	80094
423	293	125	15	371	0	0	ALL_EDGES	1	153552
286	223	259	33	886	16	13	FULL	3	941700
331	271	217	19	250	0	0	FULL	1	876867
466	291	137	18	250	30	31	FULL	4	161896
318	204	193	2287	461	9	7	FULL	2	512193
308	227	179	1425	250	14	13	FULL	3	729382
250	192	416	4680	1514	0	0	FULL	4	824523
311	254	197	15	693	37	34	FULL	1	970632
258	210	249	2403	400	0	0	CORNERS	2	287002
390	296	134	15	897	0	0	FULL	1	249238
394	225	175	0	250	0	0	FULL	2	960495
437	306	116	46	425	0	0	FULL	1	447748
255	196	250	12	1037	20	17	ALL_EDGES	3	554748
360	253	181	33	449	7	10	FULL	2	131613
302	183	336	18	1344	0	0	FULL	1	874724
366	249	214	0	250	0	0	FULL	1	211317
380	271	160	3696	691	18	17	FULL	1	683927
295	222	238	15	316	0	0	ALL_EDGES	1	535880
438	247	172	1554	565	20	21	FULL	1	425296
340	264	139	12	664	13	19	FULL	2	871615
404	283	170	19	793	14	15	FULL	1	422165
369	181	232	3348	1312	20	18	FULL	2	486453
386	182	178	12	342	12	15	FULL	1	419383
355	211	206	15	1006	0	0	FULL	3	353373
373	276	131	1053	422	28	31	FULL	1	838225
331	280	201	18	1000	0	0	FULL	2	503591
402	247	136	3024	984	0	0	FULL	1	890905
303	236	175	0	980	0	0	FULL	2	288562
469	215	184	37	861	21	25	FULL	2	813836
496	348	96	643	578	0	0	ALL_EDGES	5	165637
421	266	147	16	250	0	0	ALL_EDGES	6	283389
331	277	202	18	619	8	16	FULL	1	97897
340	216	265	39	250	0	0	FULL	1	714693
325	236	202	15	250	8	12	FULL	8	115749
278	304	160	0	722	25	25	ALL_EDGES	3	488010
328	230	206	0	882	30	36	FULL	1	565067
323	257	150	12	250	21	24	FULL	1	911352
467	362	115	19	250	0	0	FULL	6	503317
313	252	172	5562	474	0	0	FULL	1	373184
376	192	201	14	250	0	0	FULL	2	988404
333	212	220	15	513	0	0	FULL	2	454506
450	288	143	18	250	4	4	ALL_EDGES	2	107880
291	238	223	2557	492	0	0	FULL	4	767597
306	273	198	0	433	0	0	FULL	1	342691
430	321	113	1705	255	31	31	FULL	2	480537
411	352	135	19	1192	0	0	FULL	1	961174
324	183	261	1751	891	9	12	FULL	1	13844
234	217	247	12	250	22	19	FULL	2	159517
296	276	239	0	370	0	0	FULL	1	195107
310	263	238	19	2250	0	0	FULL	3	14848
405	306	109	13	871	27	27	FULL	1	290372
391	264	160	0	558	0	0	FULL	1	117109
311	240	222	16	608	0	0	FULL	1	126932
328	225	210	15	433	0	0	FULL	3	676463
316	178	223	12	1225	0	0	ALL_EDGES	2	185211
423	250	146	0	250	12	11	FULL	1	185410
367	274	124	1700	420	41	43	FULL	1	523029
220	189	325	40	250	0	0	FULL	1	207157
379	179	184	0	250	21	21	FULL	2	948421
334	188	199	12	378	23	24	FULL	4	511180
309	200	251	15	250	17	17	ALL_EDGES	2	402308
347	308	154	16	250	26	26	FULL	1	401278
381	270	150	15	250	0	0	FULL	1	98714
430	310	116	15	563	29	36	FULL	1	494615
303	198	208	12	693	13	13	FULL	1	659862
288	223	257	16	862	0	0	FULL	1	777839
291	149	289	1487	1168	21	21	FULL	1	314542
346	225	212	0	858	28	32	ALL_EDGES	1	416663
405	254	151	15	427	20	23	FULL	2	270676
391	297	134	4851	587	45	49	ALL_EDGES	4	385394
365	216	183	14	250	33	33	ALL_EDGES	4	874821
442	187	151	925	1178	39	39	FULL	1	584284
326	205	188	12	427	24	24	FULL	3	269803
333	228	242	3163	337	15	18	FULL	3	173299
419	272	162	2978	407	0	0	FULL	5	480130
442	208	190	3237	250	11	9	FULL	2	786467
468	327	108	0	302	24	23	FULL	4	496191
407	293	164	0	360	11	10	FULL	2	288158
382	280	135	3132	1065	20	20	FULL	2	20499
322	241	174	13	489	0	0	FULL	2	791611
300	228	184	1087	317	0	0	ALL_EDGES	2	998280
217	144	496	3239	1061	0	0	FULL	3	995319
372	289	144	4495	1366	0	0	FULL	1	432929
391	254	197	39	487	0	0	ALL_EDGES	1	338884
299	181	266	14	668	0	0	FULL	5	874109
388	287	112	0	412	22	27	FULL	1	996931
479	297	130	5642	476	30	27	FULL	1	443578
291	240	222	4107	671	8	12	ALL_EDGES	1	913667
296	198	265	31	637	0	0	FULL	1	184096
360	302	143	0	605	19	16	FULL	2	340027
322	175	293	4950	613	0	0	FULL	3	971902
564	352	98	0	671	0	0	FULL	2	561195
439	176	239	37	549	0	0	FULL	1	297484
495	336	111	18	1270	18	23	FULL	6	167070
360	318	127	8381	944	27	25	FULL	4	756387
380	200	203	15	419	0	0	FULL	1	962467
309	238	184	13	497	0	0	FULL	2	362867
315	140	283	12	686	0	0	FULL	1	209535
306	224	286	19	308	0	0	ALL_EDGES	2	348684
238	163	374	2523	466	0	0	FULL	2	227589
331	257	158	13	250	24	24	ALL_EDGES	2	951506
271	166	278	12	1132	0	0	FULL	2	6552
378	239	205	3700	560	0	0	ALL_EDGES	1	513249
282	222	215	1404	250	13	16	FULL	1	302582
335	235	196	0	508	25	25	FULL	1	323172
320	270	203	17	420	0	0	FULL	3	958632
314	243	229	17	326	28	24	FULL	2	775453
271	223	305	18	250	0	0	ALL_EDGES	3	218762
315	209	266	1295	441	0	0	FULL	10	276048
443	288	130	0	441	0	0	ALL_EDGES	2	951792
345	257	220	19	250	10	13	FULL	12	646300
387	223	180	1953	264	0	0	FULL	2	339502
324	270	212	18	721	26	35	FULL	1	161558
444	318	96	0	483	0	0	FULL	2	663448
352	223	247	19	250	30	32	FULL	2	418649
367	280	151	15	612	13	16	ALL_EDGES	1	439342
281	253	218	0	877	0	0	FULL	2	143741
411	220	205	1609	507	0	0	FULL	1	721870
451	330	110	16	560	0	0	FULL	1	444490
297	225	278	18	438	11	14	FULL	1	46108
327	232	165	12	568	0	0	FULL	1	525892
313	240	180	13	488	11	10	FULL	1	364886
416	242	175	3150	575	0	0	FULL	2	54050
332	236	197	14694	2000	11	7	FULL	2	932684
311	260	229	18	690	0	0	FULL	1	334631
299	223	248	0	280	19	19	FULL	3	908500
273	253	210	14	745	26	30	FULL	1	435189
356	178	229	14	641	8	7	FULL	1	441179
470	309	120	17	568	0	0	FULL	3	656325
431	333	122	17	489	0	0	FULL	4	919313
376	255	141	0	555	0	0	FULL	1	189686
455	242	123	13	250	0	0	ALL_EDGES	2	166305
349	238	210	17	446	0	0	FULL	1	51868
357	349	117	5292	1148	9	10	ALL_EDGES	2	308235
434	353	108	1930	743	19	16	FULL	2	699637
267	209	224	12	311	0	0	ALL_EDGES	2	602319
422	328	97	13	718	0	0	FULL	2	182363
340	197	187	1437	679	0	0	FULL	3	239637
291	239	179	12	707	0	0	FULL	2	527913
328	271	164	1754	250	30	31	FULL	1	328774
340	267	203	18	266	6	6	FULL	4	83111
355	260	157	14	250	10	10	FULL	9	924934
297	194	269	15	250	0	0	ALL_EDGES	1	379474
542	344	99	2701	381	0	0	ALL_EDGES	4	358202
400	262	138	1957	250	0	0	FULL	1	366459
286	207	210	2037	551	0	0	FULL	1	909956
333	281	165	0	752	0	0	ALL_EDGES	1	397822
432	340	133	1521	250	18	20	FULL	2	48890
254	201	263	27	1227	0	0	FULL	2	422491
408	307	160	20	893	0	0	FULL	6	809849
292	209	239	14	432	7	2	FULL	2	389807
325	253	189	15	250	25	29	FULL	2	647049
404	228	168	31	622	0	0	FULL	3	306809
363	282	160	16	609	31	33	FULL	1	508803
461	286	141	18	378	0	0	FULL	1	780780
274	221	239	14	250	0	0	FULL	2	896037
422	295	149	0	391	15	19	FULL	1	657534
335	187	310	19	250	17	14	FULL	5	571160
425	356	109	0	667	8	6	FULL	3	974345
454	338	107	0	250	0	5	FULL	1	284585
372	190	204	14	250	0	0	FULL	4	664754
337	199	290	19	250	25	26	ALL_EDGES	1	177140
365	210	177	27	883	23	27	FULL	2	441274
367	249	169	0	250	21	26	FULL	1	128238
420	262	168	6234	860	25	29	FULL	1	345439
413	292	104	4575	934	18	19	FULL	1	298985
375	285	117	12	255	4	1	ALL_EDGES	2	606717
320	191	205	1312	657	0	0	ALL_EDGES	1	5023
302	211	196	0	583	41	42	FULL	1	206780
289	233	229	15	747	0	0	FULL	3	858056
285	168	343	907	533	0	0	FULL	1	483115
315	194	254	15	696	0	0	FULL	7	705351
384	273	147	0	250	18	17	FULL	1	960940
471	363	96	0	466	0	0	FULL	2	366771
416	276	144	0	474	0	0	FULL	1	282685
401	333	116	31	250	17	18	FULL	2	735848
353	301	146	15	949	0	0	FULL	1	376708
374	278	179	18	250	0	0	FULL	1	512904
374	252	208	19	596	35	32	FULL	3	690467
271	216	213	0	250	16	15	FULL	3	522515
297	232	225	15	735	8	8	ALL_EDGES	3	137283
362	271	189	2257	542	0	0	FULL	2	518032
376	188	247	2432	344	0	0	FULL	4	772310
402	283	110	1525	394	13	11	ALL_EDGES	3	977993
247	201	313	0	407	0	0	FULL	2	585638
392	268	147	6231	1071	13	16	FULL	2	418268
441	335	105	15	423	0	0	FULL	2	10115
307	261	168	0	250	0	0	FULL	4	775456
406	228	200	18	275	16	15	FULL	4	74006
316	244	163	1775	471	0	0	FULL	2	632082
372	247	169	15	716	24	23	ALL_EDGES	2	354716
335	195	251	0	348	43	49	FULL	1	327924
338	315	183	0	941	22	23	FULL	4	120074
475	324	107	0	872	0	0	FULL	1	916621
358	271	170	2673	250	0	0	FULL	2	299837
292	158	270	3712	250	0	0	FULL	2	125772
383	306	124	14	250	22	20	FULL	2	551704
358	243	178	0	250	0	0	FULL	2	84868
344	288	147	43	250	19	18	FULL	3	457996
376	227	182	15	503	0	0	FULL	4	87287
313	180	275	15	469	0	0	FULL	2	385914
444	308	91	12	396	0	0	FULL	2	30472
325	278	172	2759	839	16	12	FULL	2	641310
358	240	227	0	1008	29	34	FULL	1	128193
322	264	206	4095	509	0	0	FULL	2	668739
385	264	123	12	896	14	13	FULL	2	43461
372	203	205	15	274	0	0	FULL	1	67023
350	286	154	4092	936	0	0	ALL_EDGES	6	448029
269	195	238	12	2337	26	27	FULL	1	397038
501	252	147	0	415	6	6	FULL	2	795602
381	231	198	17	397	0	0	ALL_EDGES	3	137545
298	268	232	18	594	17	27	FULL	1	510088
346	272	153	14	250	19	25	FULL	2	806108
353	298	118	1262	1476	0	0	FULL	6	669841
419	348	127	1942	536	0	0	FULL	4	639397
366	244	151	13	622	16	21	FULL	5	934190
314	200	199	12	352	0	0	FULL	3	272657
335	233	237	18	461	0	0	FULL	2	574094
287	192	262	14	735	0	0	FULL	3	416459
385	222	217	18	250	0	0	FULL	1	642280
279	203	292	16	1181	0	0	FULL	1	619078
326	212	180	3137	1014	20	22	FULL	2	590874
266	189	326	33	376	16	16	FULL	1	725150
424	349	85	25	584	0	0	FULL	2	272051
490	336	113	18	250	12	15	FULL	2	705340
366	266	160	0	1489	0	0	FULL	2	495166
277	171	326	31	569	0	0	FULL	4	854301
365	315	152	4462	406	19	21	FULL	3	394940
276	200	226	0	374	0	0	FULL	2	178252
367	285	167	35	442	20	22	FULL	1	729707
448	323	128	18	1306	0	0	FULL	1	606754
332	218	187	3591	515	21	24	FULL	1	975071
361	197	275	1638	935	19	13	ALL_EDGES	3	979610
423	201	183	15	1053	15	18	FULL	1	330521
346	195	245	16	582	0	0	FULL	2	268853
368	262	130	12	354	0	0	FULL	1	383052
249	186	290	13	250	0	0	FULL	3	915933
370	225	150	37	301	27	26	FULL	1	992078
341	224	243	3459	1629	27	26	FULL	1	518757
345	208	216	2573	285	0	0	FULL	2	403703
486	263	129	16	644	0	0	FULL	1	567894
262	211	279	2526	470	0	0	FULL	2	705420
285	253	174	1175	691	0	0	FULL	1	238124
343	199	211	1682	380	21	23	FULL	4	294714
348	285	157	0	250	24	26	FULL	2	876754
332	221	170	12	250	29	28	FULL	1	962115
371	210	174	13	250	0	0	FULL	1	552465
354	292	150	15	692	0	0	FULL	3	822337
391	273	182	19	250	0	0	FULL	5	127635
314	238	195	3625	1323	0	0	FULL	1	946485
439	199	178	15	523	24	20	FULL	1	74051
417	286	122	14	674	0	0	FULL	2	165400
402	193	251	19	311	0	0	FULL	1	415700
361	248	172	15	1255	0	0	FULL	2	31609
343	194	188	3750	250	13	18	FULL	1	863589
455	241	168	18	819	15	19	FULL	1	136054
233	193	343	15	611	4	8	ALL_EDGES	2	5372
326	271	210	18	250	0	0	FULL	1	532958
362	293	146	0	429	0	0	FULL	2	463926
278	229	289	37	532	35	29	FULL	1	485662
349	201	278	0	614	0	0	FULL	4	560754
315	241	217	1749	369	18	14	FULL	1	206751
412	295	128	15	250	17	18	SHORT_EDGES	8	240125
486	190	146	27	1552	32	32	FULL	1	305039
343	203	194	0	250	0	0	FULL	1	94216
297	197	266	15	250	25	28	FULL	3	764860
368	260	141	13	955	0	0	FULL	1	558493
396	293	159	3478	598	0	0	FULL	1	963669
391	239	166	3441	558	24	27	FULL	3	400007
454	292	139	4884	471	0	0	FULL	1	546536
231	187	290	25	803	0	0	FULL	2	359770
454	332	103	0	908	3	2	FULL	1	188731
374	306	109	0	731	18	22	FULL	2	706718
285	292	163	13	780	35	34	FULL	2	197359
416	354	119	17	595	11	8	FULL	1	92156
274	200	302	16	420	0	0	FULL	1	225600
281	201	294	16	817	17	16	FULL	3	474373
289	230	301	40	667	41	38	FULL	3	663547
322	216	209	1000	502	0	0	FULL	3	392660
399	254	143	14	1312	0	0	FULL	1	285917
363	258	209	2359	478	8	2	FULL	1	369849
337	318	182	19	434	0	0	FULL	2	497004
448	279	148	2201	250	0	0	FULL	4	682499
308	259	168	0	250	7	6	FULL	4	25538
415	247	152	4185	324	0	0	FULL	6	302567
463	225	140	14	250	0	0	FULL	1	695807
