326	252	115	1064	340	5	8	FULL	2	817260
313	236	155	2035	250	14	13	FULL	1	45889
323	149	238	0	874	0	0	FULL	10	701792
152	100	295	670	682	12	14	FULL	3	283216
321	246	152	0	537	0	0	FULL	1	977193
327	269	97	8	740	14	17	FULL	4	796636
256	213	212	4611	665	0	0	FULL	1	425264
337	230	149	0	508	12	10	ALL_EDGES	1	620568
330	184	123	15	666	33	37	FULL	3	181846
268	247	159	10	250	0	0	FULL	2	869435
346	212	130	0	1541	0	0	ALL_EDGES	1	482786
277	131	317	11	594	9	11	ALL_EDGES	2	145868
307	195	160	0	491	29	23	FULL	1	813672
301	186	206	11	636	20	17	FULL	2	557884
271	140	120	4	910	33	37	FULL	1	348251
237	195	207	0	322	10	15	ALL_EDGES	1	956352
350	244	140	3120	426	0	0	FULL	3	875018
224	188	130	0	458	20	19	FULL	3	260598
289	258	74	5	497	12	20	FULL	1	344017
286	153	103	4	250	0	0	FULL	1	663162
298	188	187	1564	250	0	0	FULL	3	918333
285	201	131	1582	548	0	0	FULL	1	776
362	199	118	1700	378	33	32	ALL_EDGES	3	299529
278	166	206	19	572	26	27	FULL	5	19892
178	142	258	6	633	10	5	FULL	1	214983
252	199	109	11	473	0	0	FULL	1	947200
189	163	146	4	746	10	9	FULL	2	527120
320	228	116	0	483	22	19	FULL	1	94639
297	191	132	15	250	0	0	FULL	3	972849
280	207	148	1385	412	26	25	FULL	1	184525
351	271	100	9	480	0	0	FULL	1	696844
283	242	109	7	316	12	13	FULL	3	93744
296	210	193	0	572	0	0	FULL	1	445271
299	224	127	8	343	0	0	FULL	3	292723
347	272	90	17	462	0	0	FULL	1	965227
269	171	142	6	584	0	0	FULL	1	473388
285	215	155	0	1081	11	9	FULL	1	655539
320	217	166	11	250	0	0	FULL	2	411491
267	190	89	1350	616	18	23	FULL	2	592891
256	223	184	10	856	0	0	FULL	3	527146
281	238	113	7	384	24	24	FULL	1	281377
288	196	169	9	325	27	30	FULL	1	815610
232	120	162	0	1317	23	21	FULL	4	50906
311	179	152	8	686	0	0	FULL	2	410708
314	166	182	0	1649	17	25	FULL	2	839483
308	232	119	17	485	16	15	FULL	1	675318
299	215	132	8	308	0	0	FULL	1	700327
322	199	133	8	903	9	11	FULL	3	727191
309	216	141	3201	468	0	0	FULL	2	552914
238	166	265	10	945	0	0	FULL	1	858456
271	178	240	11	771	0	0	FULL	4	418525
307	276	100	8	623	0	0	FULL	3	576308
330	169	188	1669	588	24	27	FULL	1	317017
382	316	87	21	592	16	14	FULL	5	167090
324	182	195	23	538	11	9	ALL_EDGES	4	127869
378	232	120	682	1073	29	28	FULL	1	784782
293	219	117	757	1049	0	0	FULL	4	476855
261	148	296	0	780	0	0	FULL	2	779156
233	200	118	5	296	17	16	FULL	4	93781
378	193	117	1615	250	0	0	FULL	4	404786
325	174	149	1445	488	0	0	LONG_EDGES	1	624842
362	208	153	2047	777	0	0	ALL_EDGES	2	519523
283	163	206	19	656	19	11	FULL	3	896757
328	188	187	11	250	13	15	FULL	1	689516
201	117	189	688	458	23	20	FULL	3	439671
287	187	140	7	250	0	0	FULL	1	955699
259	116	116	0	579	0	0	ALL_EDGES	1	833521
321	203	115	1867	250	0	0	ALL_EDGES	5	161841
277	170	201	0	1012	13	18	FULL	2	685068
332	205	170	34	294	0	0	FULL	2	90199
337	231	122	9	712	0	0	FULL	1	120820
397	222	108	674	250	0	0	FULL	2	761759
268	152	110	846	295	0	0	ALL_EDGES	1	100954
237	169	187	1500	679	0	0	FULL	1	489608
276	179	212	892	250	0	0	FULL	2	920203
235	157	150	5	500	29	27	ALL_EDGES	1	247601
241	172	228	1358	407	28	32	FULL	1	70045
288	179	146	2355	563	0	0	FULL	1	942480
315	234	101	1042	494	33	36	FULL	2	38978
324	225	144	0	928	35	33	FULL	3	947049
228	109	222	5	1126	0	0	FULL	2	433867
313	240	140	10	670	0	0	FULL	2	787019
301	210	150	9	684	0	0	ALL_EDGES	1	820407
327	241	133	21	405	44	43	FULL	1	615628
479	334	65	10	250	22	25	FULL	2	405389
308	173	216	3323	307	0	0	FULL	1	960453
343	229	121	9	1122	0	0	FULL	1	534107
279	162	100	4	331	0	0	FULL	1	760058
291	174	207	10	250	19	14	ALL_EDGES	1	128497
370	254	101	9	518	0	0	FULL	1	994318
309	117	333	2436	250	0	0	FULL	14	265443
276	191	124	0	1379	26	25	FULL	3	649308
347	265	82	7	402	0	0	FULL	2	56436
366	279	103	10	378	0	0	FULL	1	282915
408	319	81	840	446	5	6	FULL	2	884994
326	232	152	11	574	0	0	FULL	5	654094
280	172	156	7	842	0	0	FULL	4	371695
361	226	104	8	250	0	0	FULL	2	736088
231	200	76	255	642	0	0	FULL	5	877880
238	186	147	3081	784	0	0	ALL_EDGES	1	197608
287	192	155	8	250	15	13	FULL	3	905725
284	162	184	17	615	0	0	FULL	2	593801
281	168	243	11	655	0	0	FULL	2	847784
332	150	230	1242	948	30	29	FULL	1	226412
362	229	91	15	613	24	26	FULL	3	509492
254	165	131	0	250	0	0	FULL	1	886562
304	220	172	11	1105	0	0	ALL_EDGES	1	257350
243	207	169	0	250	5	13	FULL	1	994662
233	154	209	1747	250	3	4	FULL	2	626937
328	262	99	8	687	0	0	FULL	2	801220
202	160	201	19	789	11	10	ALL_EDGES	1	354204
270	186	149	1215	568	0	0	FULL	2	743403
298	214	181	11	997	0	0	FULL	3	953187
328	191	120	7	1141	16	20	FULL	2	794168
315	185	111	6	250	0	0	FULL	1	687749
211	141	217	1222	250	47	44	FULL	2	96817
286	215	122	975	696	23	22	ALL_EDGES	3	277156
369	198	158	11	420	34	36	FULL	2	512693
223	148	167	11	250	1	1	FULL	3	566061
270	175	221	2499	250	0	0	FULL	2	513370
328	237	122	19	1062	0	0	FULL	2	782014
261	189	191	0	386	0	0	FULL	4	462075
405	211	135	11	510	23	22	FULL	2	111521
248	195	156	1170	320	3	3	FULL	1	798162
379	213	130	21	250	16	14	FULL	1	74453
332	208	152	10	603	18	20	FULL	4	546327
328	260	99	8	764	9	10	FULL	2	373804
379	217	140	0	250	0	0	FULL	11	242060
293	237	172	0	401	0	0	FULL	1	204852
305	207	151	0	441	0	0	FULL	1	559134
196	162	142	414	578	0	0	FULL	1	169090
291	224	131	0	305	15	16	FULL	1	578519
190	156	219	598	939	10	13	FULL	4	251902
208	201	204	8	250	9	1	FULL	2	442850
251	126	236	547	920	20	17	FULL	2	228799
272	124	252	2201	250	0	0	FULL	2	192167
481	301	73	2058	250	0	0	FULL	2	94748
238	159	225	1606	250	19	20	FULL	2	503220
361	197	119	0	545	30	30	FULL	2	183832
398	207	140	0	431	28	28	FULL	3	151341
261	190	131	6	1055	0	0	FULL	2	296965
199	150	218	6	474	22	19	ALL_EDGES	1	727292
394	222	132	11	473	24	20	FULL	2	723078
269	191	205	10	656	0	0	FULL	1	741471
237	144	248	8	404	0	0	FULL	2	993535
208	145	313	579	498	0	0	FULL	3	658771
256	140	209	0	314	0	0	FULL	3	746609
276	179	172	0	965	0	0	FULL	3	354207
254	149	120	1350	477	15	18	FULL	1	129408
345	212	89	0	250	0	0	ALL_EDGES	1	912662
330	160	198	0	513	0	0	FULL	1	903673
272	188	128	871	250	0	0	FULL	1	70905
282	188	198	1480	933	13	16	FULL	1	687630
283	153	196	2788	376	36	36	FULL	3	806022
326	218	77	5	589	0	0	FULL	1	386336
278	216	126	0	453	0	0	FULL	1	366520
363	167	124	4927	1579	0	0	FULL	2	736573
250	202	109	1446	356	7	9	FULL	1	412986
255	216	136	7	413	0	0	FULL	3	972466
369	211	122	9	803	0	0	FULL	3	614024
286	211	190	1150	273	22	27	ALL_EDGES	1	649604
262	220	183	0	294	0	0	FULL	1	425991
324	188	156	9	696	0	0	FULL	1	147797
210	170	210	15	250	13	14	FULL	2	622492
260	188	92	9	426	0	0	FULL	1	150778
333	219	116	8	707	0	0	FULL	4	104275
216	140	148	4	250	29	29	FULL	1	494398
294	222	130	2516	719	11	14	FULL	1	396541
323	144	248	0	407	4	6	FULL	2	451963
377	261	97	9	400	0	0	FULL	3	199448
301	233	121	2006	281	0	0	FULL	1	234563
216	149	359	11	454	22	26	FULL	1	479745
318	251	143	23	416	18	24	FULL	1	646920
283	149	154	1508	448	15	20	FULL	1	485265
254	204	164	0	250	41	41	FULL	3	735402
259	176	208	9	1345	0	0	FULL	2	999599
325	162	161	8	414	0	0	FULL	1	67897
201	158	110	1337	576	19	17	FULL	1	296228
266	175	161	7	1024	26	34	FULL	6	331952
233	115	244	6	598	0	0	FULL	4	241360
342	262	117	10	250	18	18	FULL	2	563612
216	156	164	0	1173	25	27	FULL	1	354086
171	125	164	742	756	10	10	FULL	4	481792
196	138	168	4	250	0	0	FULL	1	271365
189	137	173	1345	423	20	21	FULL	1	982955
211	144	114	3	626	4	3	FULL	2	386268
290	187	157	0	262	14	18	FULL	3	567099
278	132	285	1543	660	0	0	FULL	2	328359
391	258	104	0	943	22	19	FULL	2	183617
325	203	159	1113	1059	16	17	ALL_EDGES	2	610914
203	139	195	5	785	0	0	ALL_EDGES	1	651978
258	219	203	11	250	6	8	FULL	1	533104
351	273	78	1590	594	0	0	FULL	1	855166
388	125	216	1669	336	32	39	FULL	2	76110
217	197	175	7	851	0	0	FULL	1	932790
297	225	112	1575	373	18	25	FULL	5	999453
229	188	175	7	250	0	0	ALL_EDGES	3	401657
295	210	138	8	250	16	23	FULL	1	306691
258	199	107	0	477	0	0	FULL	1	26442
326	230	127	9	388	0	0	FULL	1	345958
169	101	206	493	269	0	0	FULL	2	859906
260	201	181	9	250	33	35	FULL	8	838552
260	180	203	2052	793	0	0	ALL_EDGES	2	159043
261	131	220	7	250	0	0	FULL	2	131211
258	233	125	7	250	0	0	FULL	1	918117
271	180	173	1487	1030	0	0	FULL	1	208726
342	216	115	8	484	0	0	FULL	1	73432
348	211	164	2148	692	12	13	FULL	5	124987
317	197	168	10	250	13	10	FULL	4	797430
338	210	120	8	529	0	0	FULL	4	967230
226	133	150	4	988	0	0	FULL	6	908062
270	144	167	669	1021	16	19	FULL	1	790213
141	109	229	738	250	0	0	FULL	1	940698
370	270	115	11	1113	0	0	FULL	1	858755
281	153	174	0	606	7	13	FULL	3	845991
337	233	96	3180	602	0	0	FULL	1	32740
242	146	271	9	250	36	36	FULL	7	291786
215	163	128	4	333	31	34	ALL_EDGES	2	456420
310	216	127	17	250	0	0	ALL_EDGES	2	798915
221	182	187	1477	661	0	0	FULL	5	505602
253	151	223	875	631	0	0	ALL_EDGES	3	348123
346	198	175	12	414	0	0	FULL	5	987784
291	242	135	9	636	0	0	FULL	1	536735
214	127	129	3	250	25	24	ALL_EDGES	8	91111
293	182	140	0	903	0	0	FULL	6	224200
345	202	108	7	356	0	0	FULL	2	682954
297	228	156	0	1122	35	37	ALL_EDGES	8	544593
230	168	168	0	488	0	0	ALL_EDGES	3	131533
256	182	225	1039	469	9	10	FULL	1	517155
215	188	160	13	690	19	19	FULL	1	674588
343	213	143	10	250	0	0	FULL	4	610494
265	211	213	12	560	23	26	FULL	1	455821
293	149	265	23	579	0	0	FULL	2	849101
357	259	130	1344	614	0	0	FULL	6	521730
273	233	189	24	508	12	11	FULL	2	352647
308	227	151	10	374	0	0	FULL	15	743441
254	154	243	9	432	0	0	FULL	3	722264
304	250	125	9	376	0	0	FULL	5	64847
339	201	139	0	485	14	16	FULL	5	600307
235	134	143	4	754	14	12	FULL	2	339443
273	163	147	6	375	36	40	FULL	4	399474
232	109	178	9	1031	0	0	FULL	7	185892
260	201	162	0	515	0	0	FULL	2	846941
334	210	164	11	954	18	22	FULL	1	254770
316	215	126	8	688	0	0	ALL_EDGES	4	208034
267	199	179	0	805	22	23	FULL	1	173647
326	178	198	1299	484	20	17	FULL	3	104436
266	191	127	6	250	30	30	FULL	3	463785
162	135	253	0	250	15	15	FULL	1	938158
378	283	70	7	250	0	0	FULL	1	769727
359	271	88	3119	776	19	24	FULL	3	874764
272	180	92	4	250	0	0	FULL	2	831800
291	167	154	7	1073	0	0	FULL	1	937042
276	201	153	646	250	31	37	FULL	4	411723
357	206	129	9	250	18	20	FULL	2	775776
322	212	124	0	250	9	12	FULL	1	828673
366	254	124	4772	647	0	0	FULL	2	521685
293	197	181	2530	250	0	0	FULL	3	200085
368	273	95	9	536	21	18	FULL	3	407714
391	272	108	11	515	37	35	FULL	1	41771
269	180	176	0	722	5	6	FULL	2	967252
289	138	187	7	274	31	33	FULL	5	755906
351	229	106	8	1100	0	0	FULL	1	669597
234	205	157	3210	250	19	19	FULL	1	247953
195	146	192	0	637	28	30	FULL	1	98362
281	218	138	17	839	21	20	FULL	1	836327
326	220	132	1406	250	27	26	FULL	2	828332
353	185	177	11	250	36	40	FULL	2	943185
360	216	148	1909	598	19	22	FULL	3	148367
222	201	257	11	688	0	0	FULL	2	245408
291	173	149	1657	250	0	0	FULL	2	966726
346	184	133	8	263	26	20	FULL	7	20478
199	185	150	852	591	0	0	FULL	2	823992
334	244	128	10	477	0	0	FULL	3	533814
238	156	94	1025	1840	0	0	FULL	2	311125
299	171	224	1989	250	0	0	CORNERS	1	795299
271	183	130	6	269	10	14	FULL	2	216259
295	206	140	1955	400	4	8	FULL	2	597684
267	190	237	12	485	19	18	ALL_EDGES	2	190731
340	219	141	0	830	8	11	FULL	1	400962
283	179	226	1851	407	0	0	FULL	2	685155
280	212	202	2196	537	0	0	FULL	3	476693
348	285	126	12	620	0	0	FULL	1	646705
406	244	197	2223	250	46	53	FULL	1	928101
385	332	153	19	402	0	0	FULL	1	48082
320	269	157	0	745	20	21	FULL	2	272680
267	210	259	0	457	21	28	FULL	3	865836
372	280	121	2037	811	17	21	ALL_EDGES	1	168098
361	257	216	0	698	11	6	FULL	5	359717
409	250	171	0	496	0	0	ALL_EDGES	3	917929
264	161	319	2295	294	19	17	FULL	1	393100
385	171	236	15	453	20	20	FULL	1	415666
471	359	92	0	250	0	0	FULL	2	912740
240	197	326	31	572	0	0	FULL	3	414186
507	301	127	19	720	9	12	FULL	2	900817
344	225	162	3125	568	0	0	FULL	6	190112
272	221	209	12	1378	0	0	FULL	1	835675
367	257	154	14	653	0	0	FULL	1	917615
414	240	175	35	313	0	0	FULL	3	777497
400	310	142	35	564	0	0	FULL	3	336408
358	260	134	0	321	0	0	FULL	7	134708
374	169	228	14	288	0	0	FULL	2	897996
390	226	164	14	1374	0	0	FULL	1	22643
450	167	166	2425	250	0	0	FULL	2	514478
356	223	169	13	925	17	25	FULL	3	702998
536	303	83	2632	250	16	19	ALL_EDGES	1	169109
346	245	195	16	250	0	0	FULL	4	969824
305	201	253	15	250	8	10	FULL	1	841346
294	178	257	0	1988	24	32	FULL	1	352302
345	236	226	314	1174	0	0	FULL	5	330645
280	172	259	25	587	0	0	FULL	3	449459
299	251	166	25	515	0	0	FULL	2	980617
384	212	246	20	250	0	0	FULL	1	453439
372	254	153	14	250	0	0	FULL	2	784604
285	236	231	2712	1801	26	28	FULL	1	803554
433	338	120	17	1121	0	0	FULL	1	238197
367	307	173	19	422	0	0	FULL	1	407294
287	234	186	0	627	0	0	FULL	3	142860
402	352	110	15	448	21	19	ALL_EDGES	1	403592
398	212	184	15	496	21	25	ALL_EDGES	3	166663
383	199	203	15	1087	0	0	ALL_EDGES	1	223965
319	293	144	13	457	30	34	FULL	6	228255
354	250	186	2673	473	20	23	FULL	2	145885
298	224	203	27	250	0	0	ALL_EDGES	3	328369
290	218	213	486	374	0	0	FULL	1	251189
353	245	167	1479	900	0	0	ALL_EDGES	2	110823
330	248	164	2632	595	0	0	FULL	1	468650
273	220	208	1887	866	10	12	ALL_EDGES	1	199092
337	215	242	17	250	0	0	FULL	1	872506
276	258	190	0	250	0	0	ALL_EDGES	2	585631
382	326	108	13	398	16	21	FULL	2	750097
300	216	192	2537	609	37	33	FULL	3	825696
436	324	117	0	432	0	0	FULL	2	857337
298	260	161	12	250	11	10	FULL	2	385633
440	222	200	4017	690	0	0	FULL	2	778139
345	280	171	16	250	0	0	FULL	1	667914
316	252	244	19	501	0	0	FULL	1	278609
320	243	199	3720	318	0	0	FULL	1	372670
334	266	152	1917	447	0	0	FULL	3	767597
358	225	192	15	1040	0	0	FULL	1	624914
343	257	199	0	475	26	30	FULL	3	725223
253	178	302	0	475	0	0	FULL	2	376956
314	286	217	7546	350	0	0	FULL	1	129300
383	283	134	14	435	26	30	FULL	2	921112
310	162	248	4812	518	0	0	ALL_EDGES	3	961547
370	254	143	0	553	0	0	FULL	1	949036
393	268	176	18	250	0	0	FULL	2	919454
310	278	226	2184	250	23	16	ALL_EDGES	3	170817
356	204	171	5312	250	0	0	FULL	1	689202
388	258	144	14	475	18	21	FULL	1	146362
383	264	154	15	1006	0	0	FULL	4	258070
283	193	358	19	250	0	0	FULL	3	94029
306	206	213	13	250	35	35	FULL	4	540445
334	237	209	0	818	0	0	FULL	5	350457
315	290	214	19	1162	22	29	FULL	3	402090
301	263	183	29	516	14	19	FULL	1	419325
412	350	107	1147	942	0	0	FULL	1	789761
304	248	265	7040	315	0	0	FULL	4	395060
452	433	89	17	532	0	0	FULL	2	415335
361	255	168	0	545	14	15	FULL	1	850569
356	277	178	2467	640	22	20	FULL	1	800968
391	247	150	14	492	0	0	ALL_EDGES	2	417699
321	180	268	2309	393	29	31	FULL	1	454048
443	364	121	3822	577	18	13	FULL	4	55336
501	325	120	1345	477	0	0	FULL	3	889348
356	191	258	2537	569	19	22	FULL	1	593523
232	198	315	14	1743	0	0	FULL	1	459729
322	247	170	0	465	0	0	FULL	1	956884
383	328	159	0	550	13	15	FULL	1	805729
347	235	191	2216	687	9	8	FULL	2	125901
444	335	111	16	1405	0	0	ALL_EDGES	1	67976
502	266	131	17	250	3	1	FULL	2	47675
389	281	183	40	549	6	7	ALL_EDGES	6	304803
357	238	171	2508	433	21	22	FULL	2	684593
297	205	206	0	974	0	0	FULL	1	371797
355	226	231	3126	1156	0	0	FULL	2	138898
323	243	185	2885	250	0	0	FULL	1	188466
343	218	222	1567	455	0	0	FULL	1	82129
449	232	187	3490	2329	14	17	FULL	1	171861
320	264	183	0	836	0	0	FULL	1	177167
299	237	190	27	971	0	0	FULL	1	33820
481	298	136	39	403	0	0	FULL	3	472224
346	244	184	15	669	33	32	FULL	4	504626
350	241	232	19	478	0	0	FULL	2	344706
352	259	171	0	568	18	18	FULL	3	27383
357	199	204	1015	460	42	50	FULL	1	540287
420	423	110	4017	355	0	0	FULL	1	832075
304	231	221	15	472	0	0	ALL_EDGES	2	458796
343	228	236	0	1540	21	27	FULL	1	135850
335	292	159	15	997	18	22	FULL	1	701757
289	203	212	12	603	11	18	FULL	2	591611
243	204	251	3075	451	16	12	FULL	5	380626
309	206	259	33	808	0	0	ALL_EDGES	4	473783
334	302	124	987	912	0	0	FULL	2	203060
398	258	195	20	713	0	0	FULL	3	551833
359	243	201	0	250	17	20	FULL	1	946293
339	267	170	0	1571	0	0	FULL	1	695737
385	262	194	19	380	30	29	ALL_EDGES	2	818333
353	256	161	1232	570	26	38	FULL	1	411694
272	231	312	19	784	0	0	FULL	1	178039
428	256	132	0	499	0	0	FULL	2	225787
328	235	201	480	250	0	0	FULL	2	249660
366	265	149	1203	332	0	0	FULL	1	21679
364	210	203	15	1465	40	39	FULL	1	991101
262	172	276	12	487	0	0	FULL	2	312728
193	188	346	1087	1292	0	0	FULL	1	65656
354	274	150	1682	775	0	0	FULL	1	203843
282	219	252	868	250	12	15	FULL	1	652024
334	278	177	4686	391	25	25	FULL	1	436601
426	304	120	15	250	0	0	FULL	3	206416
378	276	129	13	313	37	32	FULL	2	136853
408	246	165	7458	1302	0	0	ALL_EDGES	5	961459
374	264	127	2262	642	24	27	FULL	1	410830
279	220	221	27	814	11	11	FULL	1	236539
372	225	161	13	524	0	0	FULL	1	985924
245	192	267	2962	704	7	9	FULL	1	342349
332	190	198	12	428	0	0	ALL_EDGES	1	898173
307	245	206	31	1243	22	28	FULL	1	331636
446	368	89	14	365	0	0	ALL_EDGES	2	444168
332	187	249	31	505	0	0	FULL	2	293210
384	258	146	0	564	0	0	FULL	2	983837
425	256	134	2131	580	0	0	FULL	2	669377
334	209	179	12	250	28	30	FULL	3	334436
247	154	355	13	1341	0	0	FULL	3	910307
289	222	256	0	250	9	6	FULL	4	466447
343	265	192	17	967	32	34	FULL	2	249171
406	315	113	0	496	26	27	FULL	2	196636
318	209	279	18	887	36	36	FULL	1	799858
380	286	134	0	250	24	32	ALL_EDGES	1	255289
250	175	380	0	444	22	26	FULL	1	312537
447	291	96	0	250	29	28	FULL	1	140497
416	267	166	4884	250	29	28	FULL	2	897005
375	302	128	1377	663	21	20	FULL	2	400517
316	227	279	40	250	11	16	FULL	1	553163
395	229	139	2025	250	18	22	FULL	1	459123
287	166	410	19	500	43	45	FULL	4	987583
310	264	202	16	250	18	16	FULL	1	518278
341	283	191	0	1066	0	0	FULL	3	305590
292	166	257	12	614	0	0	FULL	2	136531
370	240	220	0	487	15	15	LONG_EDGES	3	674550
302	181	283	15	250	0	0	FULL	1	903165
444	289	97	12	708	0	0	FULL	1	940909
427	267	153	17	250	0	0	FULL	2	15884
323	183	245	29	279	0	0	FULL	1	221295
318	240	203	0	250	38	42	FULL	1	731466
384	208	251	20	493	13	18	FULL	2	31699
407	193	235	1313	250	0	0	FULL	1	942719
351	294	150	0	1040	18	21	FULL	1	62485
394	256	154	15	352	15	16	FULL	1	675180
302	284	233	1860	541	33	34	FULL	1	345674
383	292	148	16	379	0	0	FULL	4	305087
374	194	268	780	465	15	22	FULL	1	391030
395	278	169	18	754	12	10	ALL_EDGES	4	323347
267	271	173	1525	313	0	0	FULL	1	775936
391	253	202	40	656	0	0	FULL	2	854609
351	278	190	0	1170	0	0	FULL	2	507822
327	208	272	18	413	0	0	FULL	2	254354
396	237	186	2240	481	26	33	FULL	1	255996
274	259	203	0	797	38	43	FULL	3	551572
314	204	258	16	547	16	22	FULL	1	709577
382	272	158	0	593	24	22	FULL	2	42232
357	203	269	3081	1283	0	0	FULL	1	66692
349	277	170	16	523	15	19	ALL_EDGES	2	485898
365	191	179	4250	524	18	15	FULL	2	243095
338	239	167	13	1762	0	0	FULL	1	11079
271	170	272	4437	389	0	0	FULL	3	528993
369	281	120	12	332	0	0	FULL	2	797877
398	333	132	17	513	7	14	FULL	2	229023
396	351	119	3135	390	0	0	ALL_EDGES	1	171054
382	313	121	29	255	3	8	ALL_EDGES	8	375259
293	211	252	15	250	0	0	FULL	2	335207
428	275	157	37	467	13	15	FULL	2	938804
302	195	330	19	301	0	0	ALL_EDGES	2	463949
321	276	141	0	825	0	0	FULL	5	97287
278	159	351	15	1034	0	0	FULL	1	156124
394	248	159	15	301	25	28	FULL	1	629563
375	248	156	2117	250	0	0	FULL	2	729881
367	231	195	1617	601	0	0	FULL	4	519146
278	201	279	31	419	24	23	CORNERS	2	347874
362	217	185	1841	250	0	0	FULL	2	786894
313	242	165	0	522	0	0	FULL	2	374038
336	264	176	5549	766	7	13	FULL	3	181181
355	253	172	15	393	0	0	FULL	2	192511
304	200	205	0	1377	24	29	FULL	3	542613
389	237	190	17	708	20	21	FULL	2	818295
389	247	141	3942	250	0	0	FULL	2	382315
381	292	166	18	793	0	0	FULL	1	981057
380	205	173	3591	1045	21	17	FULL	3	851913
395	321	146	18	357	7	12	FULL	5	918587
348	252	176	0	575	27	28	FULL	1	784987
331	249	201	16	325	0	0	FULL	5	225987
259	188	257	2862	732	0	0	FULL	3	352642
453	304	120	0	427	0	0	FULL	3	422590
377	261	179	5530	717	32	32	FULL	3	394177
378	276	188	19	608	0	0	ALL_EDGES	3	673733
338	293	126	12	595	0	0	FULL	2	291115
418	368	130	20	998	11	15	FULL	3	456717
415	290	137	3168	363	22	24	FULL	1	110126
407	281	162	18	937	0	0	FULL	1	613778
297	204	206	12	250	18	23	FULL	4	30578
406	250	197	20	496	0	0	FULL	4	17143
508	310	79	525	461	13	17	FULL	1	518683
336	277	188	3972	1771	0	0	FULL	2	805226
326	222	229	5577	397	0	0	FULL	2	678646
374	266	146	2030	948	0	0	FULL	3	558807
491	323	126	20	511	31	27	ALL_EDGES	1	416758
292	208	221	13	528	7	8	CORNERS	1	574024
344	271	144	2889	613	17	20	FULL	3	516701
413	239	157	15	483	0	0	ALL_EDGES	1	366869
314	261	239	19	1041	0	0	ALL_EDGES	1	765374
303	212	303	0	593	0	0	FULL	3	338941
275	231	243	31	250	15	16	FULL	4	969019
409	342	125	17	250	0	0	FULL	1	128651
327	231	219	0	339	39	43	FULL	1	895446
400	202	192	31	400	26	22	FULL	4	385853
343	266	170	15	250	0	0	FULL	3	76958
338	244	175	0	563	0	0	FULL	2	192813
358	293	185	19	543	30	25	FULL	3	14628
399	274	142	15	841	0	0	FULL	1	634720
443	275	103	3912	293	21	24	FULL	4	248481
311	265	177	14	412	0	0	FULL	4	767808
371	249	168	651	665	0	0	FULL	1	304084
390	260	163	16	250	0	0	ALL_EDGES	3	750857
367	286	166	2275	1236	22	28	FULL	3	366500
308	196	323	19	516	14	16	FULL	2	661697
394	245	202	585	433	0	0	FULL	3	158684
328	289	153	14	546	7	9	FULL	1	198939
276	173	303	14	739	0	0	FULL	1	359158
421	240	192	19	250	23	24	FULL	1	516665
296	214	198	0	250	0	0	FULL	2	836506
257	177	341	3689	250	15	21	FULL	2	604375
394	264	130	27	413	17	15	FULL	2	775452
282	241	184	0	757	10	15	FULL	1	838994
416	293	127	0	837	0	0	FULL	1	552999
425	270	169	2301	1068	0	0	FULL	1	905001
388	250	160	0	376	0	0	FULL	4	702366
319	200	305	19	250	0	0	FULL	1	575520
397	242	150	14	376	0	0	FULL	1	783167
397	335	116	15	250	13	14	FULL	3	158003
314	301	153	29	830	12	16	FULL	2	29263
394	310	144	35	489	23	28	FULL	5	38835
318	222	205	14	960	7	10	ALL_EDGES	1	18724
378	195	183	0	310	21	19	FULL	1	930004
545	243	117	0	250	0	0	FULL	2	337951
405	291	157	0	448	0	0	FULL	3	592135
401	246	147	797	424	0	0	FULL	2	801577
349	258	205	0	250	0	0	FULL	4	596888
337	236	208	0	423	26	29	FULL	1	722759
423	213	221	1040	466	0	0	FULL	5	76473
347	245	147	0	653	16	20	FULL	2	292827
551	374	95	19	318	0	0	FULL	1	684152
315	239	247	18	927	12	22	ALL_EDGES	1	292033
316	174	244	27	598	0	0	FULL	4	51029
453	376	114	0	250	0	0	FULL	1	711421
340	263	162	14	250	22	20	FULL	1	890562
337	264	175	2945	351	11	12	FULL	3	384059
390	234	202	18	567	12	14	FULL	1	598961
321	259	187	1147	488	16	17	FULL	2	632713
269	213	271	2542	370	22	27	FULL	3	91631
340	189	241	0	514	31	31	FULL	3	485634
297	243	187	1107	376	17	15	FULL	1	70330
405	256	121	12	616	0	0	FULL	2	52650
394	311	151	37	446	0	0	FULL	1	754600
338	217	252	37	496	3	2	FULL	2	814840
438	184	167	3793	507	20	18	FULL	2	719435
356	349	132	16	1273	14	14	FULL	1	69166
523	379	99	0	250	0	0	FULL	1	50808
304	204	250	3890	250	0	0	FULL	4	878191
326	218	246	17	419	0	0	FULL	1	668108
372	248	191	17	379	35	39	ALL_EDGES	2	393547
302	297	184	0	728	14	17	FULL	3	578377
344	256	153	3901	795	0	0	FULL	1	511797
378	258	138	13	250	16	15	FULL	1	839624
316	190	241	14	551	25	25	FULL	1	130330
440	307	136	18	1884	0	0	FULL	4	828323
436	216	207	19	250	0	0	FULL	1	638905
208	184	325	12	582	10	11	FULL	2	127239
315	222	208	4132	914	12	10	FULL	1	384664
403	301	119	3349	389	14	19	ALL_EDGES	1	950272
285	214	204	12	620	0	0	FULL	1	794224
378	272	170	17	250	0	0	FULL	1	205044
378	281	126	3874	427	29	37	FULL	1	283760
417	270	165	18	614	0	0	FULL	3	640444
345	252	179	0	895	0	0	FULL	4	932129
291	203	264	480	517	0	0	FULL	1	740072
285	237	229	1937	736	0	0	FULL	2	756332
294	226	218	0	435	19	15	ALL_EDGES	2	586895
414	249	170	35	755	0	0	FULL	2	817517
281	251	205	0	553	0	0	FULL	3	660904
299	213	229	14	389	0	0	FULL	1	391514
381	251	141	27	520	0	0	FULL	3	512667
393	277	161	52	629	0	0	ALL_EDGES	1	393460
390	267	178	0	403	0	0	FULL	5	637277
341	231	172	3996	495	0	0	FULL	2	321613
298	239	273	2632	417	20	22	FULL	4	471374
253	199	368	18	250	32	35	FULL	4	155540
289	239	196	877	553	15	21	FULL	2	52147
388	261	124	12	900	27	31	FULL	2	522266
468	417	79	15	978	0	0	FULL	2	192269
314	295	167	5022	250	0	0	FULL	2	512285
307	156	364	17	250	0	0	FULL	5	975466
326	207	260	0	250	0	0	FULL	2	822759
307	265	190	2898	300	0	0	FULL	4	235647
270	223	323	19	518	0	0	FULL	2	502386
453	305	134	1850	250	0	0	FULL	2	405785
410	277	119	13	879	5	4	FULL	10	225490
395	291	109	762	250	0	0	FULL	7	111150
325	182	229	13	497	0	0	FULL	1	712496
294	204	208	1762	812	15	21	FULL	2	136465
361	273	188	18	250	0	0	FULL	3	870613
393	273	144	15	457	0	0	FULL	1	958645
291	207	258	15	1111	0	0	ALL_EDGES	1	436636
310	180	242	27	891	11	15	FULL	1	492677
289	207	242	0	474	7	12	FULL	2	678640
296	217	289	999	634	30	30	FULL	2	725505
384	256	137	0	602	16	20	FULL	2	104772
289	213	202	275	892	43	42	FULL	2	970596
308	208	196	0	583	24	25	FULL	3	917255
437	322	131	0	250	15	17	CORNERS	1	589169
405	306	125	0	835	13	14	FULL	1	994824
365	188	271	4828	534	0	0	FULL	6	381593
338	243	226	5217	357	0	0	ALL_EDGES	1	90431
389	317	134	16	923	23	21	FULL	4	630734
397	300	156	1702	555	0	0	FULL	6	908920
220	202	303	0	905	16	19	FULL	1	229133
452	248	112	12	428	0	0	FULL	2	167447
386	249	140	0	733	10	12	FULL	1	900161
328	268	153	0	597	16	17	FULL	3	636707
385	295	128	797	567	0	0	FULL	2	640257
420	211	209	18	531	12	14	FULL	2	241197
367	226	199	33	771	31	34	FULL	1	565953
372	259	162	31	461	19	19	FULL	2	106490
291	237	224	3038	283	18	19	FULL	2	768585
413	263	171	18	362	28	28	FULL	5	388856
339	202	211	1551	437	19	22	FULL	2	684856
364	328	168	5380	415	23	24	ALL_EDGES	1	304944
404	283	136	0	1155	20	26	FULL	4	232913
354	235	175	29	250	0	0	FULL	3	750019
468	272	146	18	657	0	0	FULL	1	367621
393	161	277	4935	1191	0	0	ALL_EDGES	1	481593
416	254	185	0	963	9	8	FULL	2	193394
332	272	150	2619	591	13	18	FULL	2	943854
354	174	269	33	743	5	7	FULL	2	602913
236	199	354	1831	365	0	0	FULL	3	697647
308	236	173	0	250	4	3	FULL	4	852941
307	255	185	29	1211	0	0	FULL	1	732
344	231	157	5350	471	0	0	FULL	3	333721
303	146	348	1116	334	0	0	FULL	4	315756
313	256	168	2065	677	6	14	ALL_EDGES	2	385073
378	278	148	15	426	21	27	FULL	2	601675
297	261	201	15	615	0	0	FULL	1	108396
308	185	254	14	1184	0	0	CORNERS	4	65194
379	253	151	14	1638	0	0	FULL	2	777535
358	213	203	15	1092	0	0	FULL	1	727190
405	350	124	1592	388	23	29	FULL	1	311090
271	195	254	0	412	0	0	FULL	2	808950
267	201	309	2244	725	31	38	FULL	1	783616
343	214	253	0	681	18	24	FULL	3	203761
397	346	127	3902	250	42	42	FULL	1	254397
315	297	154	14	647	0	0	FULL	2	368988
323	222	271	3334	250	36	36	FULL	2	984104
355	240	170	14	515	0	0	FULL	1	863393
403	229	158	14	250	0	0	FULL	3	828963
301	204	203	12	767	21	21	FULL	1	454730
352	212	248	0	798	0	0	FULL	2	384134
361	296	136	14	542	14	17	FULL	1	528926
344	198	227	4123	537	0	0	FULL	1	831665
408	282	160	18	885	4	8	FULL	1	744915
530	252	94	12	568	0	0	FULL	1	693636
314	244	189	2682	690	2	4	FULL	2	744272
326	231	166	12	250	14	18	FULL	1	657986
393	254	186	0	807	0	0	FULL	6	563036
364	291	137	14	508	36	38	FULL	2	662903
395	256	173	17	582	0	0	ALL_EDGES	3	672336
217	165	408	14	250	28	23	FULL	3	651279
470	320	130	0	590	0	0	FULL	2	969110
367	206	192	2102	444	0	0	FULL	2	370727
366	238	143	0	458	0	0	FULL	5	79808
342	224	203	31	550	25	22	FULL	2	809232
291	213	249	3968	1544	27	34	ALL_EDGES	2	289024
457	276	115	29	552	0	0	FULL	4	715135
249	196	316	15	250	0	0	FULL	5	788663
360	293	175	18	250	0	0	FULL	1	260906
382	300	161	18	250	0	0	FULL	1	373439
368	153	327	18	885	0	0	FULL	1	14629
351	312	142	15	404	4	4	FULL	2	818647
408	260	189	20	423	21	25	FULL	1	481922
312	208	302	19	1111	0	0	FULL	1	243861
296	176	296	15	363	16	22	FULL	1	277562
374	258	150	0	250	13	16	FULL	2	59121
425	247	177	18	1090	0	0	FULL	1	98892
322	208	187	2887	1185	11	13	FULL	1	236380
386	239	168	15	250	20	14	FULL	1	832933
264	169	279	25	558	0	0	FULL	2	401300
415	293	103	3412	578	0	0	FULL	3	812581
433	283	126	0	613	0	0	FULL	1	404260
330	228	193	2668	494	19	21	FULL	1	649199
291	155	367	3927	250	19	18	FULL	6	687853
306	207	228	0	405	0	0	ALL_EDGES	2	310884
345	270	155	4480	302	6	13	FULL	1	169559
391	231	194	0	490	20	19	FULL	2	320512
307	196	225	13	1014	19	20	ALL_EDGES	4	454144
366	299	169	37	471	11	13	FULL	4	122003
387	218	148	12	1098	12	14	FULL	1	397274
353	281	197	6318	1118	8	12	FULL	1	212931
317	285	172	15	300	0	0	FULL	2	464698
300	213	241	3084	250	0	0	FULL	3	567665
350	252	153	0	250	0	0	FULL	1	525521
429	284	152	444	956	15	15	FULL	2	159946
392	311	136	16	497	0	0	FULL	1	905668
368	252	188	0	1099	25	27	FULL	2	31868
318	247	248	19	250	15	20	FULL	2	534045
375	304	136	0	250	38	42	FULL	2	888698
460	254	158	18	508	0	0	FULL	1	259369
303	207	200	0	744	0	0	FULL	1	270988
458	235	125	13	465	13	15	FULL	3	536793
356	339	137	16	886	0	0	FULL	1	252751
398	210	174	3349	483	0	0	FULL	1	424351
324	223	269	39	1223	24	24	FULL	2	351535
385	268	170	3237	345	23	30	FULL	1	676242
346	254	154	13	250	13	9	FULL	3	675505
359	291	148	0	250	22	20	FULL	2	58692
329	236	225	1960	294	7	11	FULL	2	913222
423	330	96	27	250	16	14	FULL	1	262914
419	284	138	16	269	18	22	FULL	2	648242
437	248	143	0	403	0	0	FULL	6	639953
479	220	166	17	817	0	0	FULL	2	809242
268	218	214	12	390	0	0	FULL	2	844187
323	270	190	16	1714	0	0	ALL_EDGES	1	409562
555	404	60	13	435	0	0	FULL	2	202819
399	309	117	14	250	0	0	ALL_EDGES	5	775154
286	217	250	1379	777	10	6	FULL	2	299504
370	203	259	0	311	0	0	FULL	4	221635
338	230	187	7308	927	23	27	FULL	1	855409
294	204	242	14	1312	16	19	FULL	3	493065
238	181	361	1023	810	6	5	FULL	3	29684
331	224	195	2015	295	26	31	FULL	2	365057
445	254	137	0	707	0	0	FULL	3	234134
349	202	192	1444	878	0	0	FULL	2	175471
391	256	175	35	397	0	0	ALL_EDGES	4	538471
496	329	113	18	784	0	0	FULL	3	659267
370	277	181	3589	250	41	41	FULL	2	908833
296	238	264	18	745	5	6	FULL	1	105595
344	278	204	19	250	0	0	FULL	1	252447
342	257	165	0	407	0	0	FULL	1	875333
272	170	313	4828	292	0	0	FULL	1	511061
367	309	110	12	823	15	19	FULL	2	957026
352	274	130	12	250	22	23	ALL_EDGES	1	226660
374	261	158	31	601	17	17	FULL	10	161878
432	311	123	0	464	24	29	FULL	1	710938
382	262	175	17	360	0	0	FULL	1	399728
364	222	203	16	1044	0	0	FULL	3	301851
385	315	103	0	485	12	18	FULL	3	919254
351	245	226	0	624	0	0	FULL	3	137391
401	190	217	16	614	16	17	ALL_EDGES	1	325156
380	354	115	31	584	0	0	FULL	4	698756
277	164	365	2491	351	0	0	FULL	1	112439
389	217	219	18	600	0	0	FULL	2	209984
343	221	217	0	276	28	30	FULL	5	275061
322	176	221	2825	392	0	0	FULL	3	738774
360	273	158	945	392	0	0	FULL	1	360871
339	206	222	0	599	19	20	FULL	3	756979
376	206	187	14	572	0	0	FULL	1	719246
366	327	121	29	404	19	18	FULL	1	648949
442	290	153	3334	469	0	0	ALL_EDGES	3	64791
374	228	182	0	361	14	19	FULL	3	229418
237	187	282	4287	402	15	16	FULL	3	922484
270	221	209	1650	650	0	0	FULL	2	103802
463	288	124	16	757	0	0	FULL	1	288334
417	286	113	2659	922	0	0	FULL	1	559161
313	252	158	12	712	0	0	FULL	1	301974
421	198	187	15	658	0	0	ALL_EDGES	3	987968
335	201	230	3255	381	0	0	FULL	2	337601
383	288	182	2540	250	0	0	FULL	2	809657
366	244	152	13	599	0	0	FULL	1	711752
301	246	168	12	880	0	0	ALL_EDGES	1	478239
323	210	214	14	1058	29	25	FULL	1	514452
357	236	172	0	894	0	0	FULL	1	67887
259	218	256	14	554	21	22	FULL	1	679742
453	287	154	2620	250	0	0	ALL_EDGES	2	203102
448	255	153	2257	478	0	0	FULL	3	880442
343	259	151	27	389	0	0	FULL	3	589159
270	217	246	0	409	10	12	FULL	2	28615
275	172	264	3962	400	0	0	FULL	3	718006
456	251	170	19	368	0	0	FULL	2	883405
318	245	199	15	250	0	0	FULL	1	470200
347	239	199	2079	358	33	30	FULL	3	981398
313	176	227	12	421	35	41	FULL	1	967664
439	224	168	1815	250	0	0	FULL	1	813355
362	249	139	0	250	22	22	FULL	2	130594
390	216	184	1441	481	16	16	FULL	2	203445
376	180	228	31	466	22	23	FULL	1	163736
370	249	157	14	496	13	16	FULL	3	133582
402	272	124	5859	968	16	21	ALL_EDGES	1	692870
439	226	156	0	574	0	0	ALL_EDGES	2	429800
339	358	135	16	527	15	21	ALL_EDGES	1	38845
322	207	187	0	735	0	0	ALL_EDGES	1	864450
401	244	138	13	537	38	42	FULL	2	318485
405	217	211	7289	755	0	0	FULL	1	703101
282	197	279	15	345	0	0	FULL	4	672982
297	165	256	1362	250	16	24	FULL	1	472903
348	208	172	12	584	14	15	FULL	1	601793
391	211	175	14	348	0	0	ALL_EDGES	3	128735
347	248	157	13	595	0	0	FULL	1	731575
387	294	119	13	656	0	0	FULL	1	568903
334	161	270	14	497	0	0	ALL_EDGES	2	653014
306	152	270	0	486	0	0	FULL	3	171469
384	212	190	15	250	0	0	FULL	4	289262
304	239	172	12	1080	0	0	ALL_EDGES	4	871499
316	256	217	17	609	6	11	FULL	3	930278
325	216	250	17	324	0	0	FULL	2	294610
330	232	241	18	487	32	38	FULL	3	3078
368	239	188	16	385	0	0	FULL	1	199187
427	226	161	15	486	0	0	FULL	1	700261
355	236	185	899	250	9	10	FULL	4	68418
285	187	289	3379	414	0	0	FULL	5	683915
380	314	147	0	250	23	23	FULL	1	566032
398	242	161	15	1409	0	0	FULL	3	997409
311	241	247	0	526	13	14	FULL	4	99121
264	191	268	27	443	13	15	FULL	3	202768
282	252	219	15	372	0	0	FULL	1	76734
375	240	205	18	587	16	17	FULL	2	314384
336	192	194	12	318	5	8	FULL	3	803598
384	206	171	0	250	16	18	FULL	1	559200
369	210	251	4563	250	0	0	FULL	1	28860
390	257	199	0	250	0	0	FULL	1	338708
432	239	131	6979	1133	0	0	FULL	2	45014
392	182	189	2943	278	28	28	FULL	2	198452
371	298	122	0	491	0	0	FULL	1	243102
320	209	201	0	250	0	0	FULL	1	314156
323	293	185	35	250	9	12	FULL	3	389360
304	218	189	25	1411	15	21	FULL	2	502441
397	241	152	1334	250	9	10	FULL	1	132661
305	180	227	12	500	21	20	FULL	1	718931
316	219	224	4665	1122	18	20	FULL	1	57018
359	327	132	0	739	0	0	FULL	4	877677
370	238	188	3465	250	0	0	FULL	3	980211
488	262	129	0	498	0	0	FULL	1	112107
388	316	162	20	449	18	19	FULL	3	31045
368	266	158	15	670	8	8	ALL_EDGES	2	426655
356	204	173	3712	250	0	0	FULL	2	194313
375	225	219	18	1055	0	0	FULL	3	257228
393	230	193	2730	644	0	0	FULL	2	961991
309	257	195	4929	595	0	0	FULL	6	113829
403	274	176	5011	623	0	0	ALL_EDGES	1	49399
360	245	210	18	404	0	0	FULL	2	994560
337	243	214	5740	916	0	0	FULL	5	667349
335	192	242	15	346	17	21	FULL	3	911412
405	375	82	12	1085	11	16	ALL_EDGES	3	906619
335	223	167	12	569	34	32	FULL	1	46647
358	268	151	2958	250	0	0	FULL	2	987202
296	279	213	4077	363	0	0	FULL	2	682595
382	247	207	0	636	0	0	FULL	1	213311
322	209	217	14	410	0	0	FULL	1	681280
400	259	130	2065	250	0	0	FULL	2	884817
335	224	167	0	516	0	0	FULL	1	521918
418	207	179	558	520	0	0	FULL	3	330620
360	218	235	18	660	0	0	FULL	7	70727
375	296	112	12	250	16	24	FULL	3	911389
393	262	190	1755	312	14	12	FULL	2	553380
320	209	218	14	370	0	0	FULL	2	881890
321	202	256	5445	250	24	27	FULL	1	929643
317	237	207	1844	909	21	23	FULL	1	997233
299	197	212	3650	768	0	0	FULL	1	245560
355	332	123	29	495	8	7	FULL	2	524903
354	212	207	2666	250	0	0	FULL	2	928177
444	229	153	15	385	23	23	FULL	3	615845
316	217	196	13	548	24	26	FULL	1	402140
429	358	107	0	250	0	0	FULL	1	29643
358	162	267	1038	453	2	0	FULL	6	436758
340	262	163	14	531	7	7	FULL	2	780241
302	225	183	787	250	32	41	FULL	10	982971
340	202	240	16	542	0	0	FULL	4	835295
262	200	239	12	250	0	0	FULL	4	251393
413	213	154	2929	600	25	26	FULL	1	993610
371	212	184	1348	250	0	0	FULL	1	97944
344	294	153	15	553	23	24	ALL_EDGES	2	769046
339	217	210	0	250	0	0	FULL	1	213080
292	239	237	16	824	20	19	FULL	1	185169
404	308	109	1080	318	13	14	ALL_EDGES	4	690818
453	312	142	960	678	52	52	ALL_EDGES	3	456116
271	158	385	16	539	20	19	FULL	2	837668
336	232	237	0	250	21	23	FULL	4	171079
341	263	206	1739	762	14	15	FULL	3	113919
416	232	306	7198	381	21	23	FULL	1	79423
566	344	152	6431	871	0	0	FULL	5	556065
466	245	259	0	250	0	0	ALL_EDGES	1	212147
361	297	200	21	438	27	28	FULL	1	242711
397	254	263	9699	657	0	0	FULL	1	528603
433	338	147	21	250	6	8	FULL	1	661450
383	329	178	22	355	0	0	FULL	2	668786
508	312	193	30	810	0	0	ALL_EDGES	2	152782
510	287	188	0	917	21	18	FULL	3	788143
318	248	362	57	1214	0	0	FULL	1	36838
357	287	220	0	639	0	0	FULL	1	432057
570	315	148	26	250	27	26	FULL	1	958704
335	272	246	22	250	0	0	FULL	4	998247
426	316	205	0	250	0	0	FULL	4	103869
376	217	289	23	679	18	25	ALL_EDGES	1	777470
353	223	299	4300	870	0	0	FULL	5	275233
391	225	302	26	782	37	32	FULL	1	638706
396	265	272	28	820	0	0	FULL	3	414069
483	329	135	21	250	0	0	FULL	1	210226
