290	213	105	6	250	0	0	FULL	1	992364
340	199	170	11	1639	0	0	ALL_EDGES	3	451206
332	231	150	11	250	20	22	FULL	1	395992
269	216	197	0	611	0	0	FULL	5	887566
263	187	91	4	258	23	23	FULL	1	474588
253	230	199	11	310	37	43	FULL	2	90624
217	151	229	7	250	5	4	FULL	2	882849
255	220	205	23	735	0	0	FULL	1	488296
205	184	225	1419	444	0	0	FULL	1	434640
307	241	74	0	1114	32	30	FULL	1	943642
331	215	120	17	338	26	22	FULL	4	972066
199	129	176	4	250	29	31	FULL	2	448106
358	281	115	2886	477	0	0	ALL_EDGES	1	284339
298	251	154	1437	250	11	9	FULL	3	349102
406	273	104	11	369	22	23	FULL	2	798934
228	139	330	1029	460	29	30	FULL	2	412081
350	237	139	0	250	6	6	FULL	4	744219
278	193	140	7	250	0	0	ALL_EDGES	2	488796
208	167	129	9	437	23	21	FULL	4	504958
248	201	90	4	593	0	0	FULL	1	90852
391	299	64	0	578	16	8	ALL_EDGES	1	240568
264	165	275	3600	875	0	0	FULL	2	59386
338	253	123	3475	250	0	0	ALL_EDGES	3	898601
274	194	217	0	656	15	20	FULL	3	285047
354	235	144	24	379	0	0	ALL_EDGES	2	272536
379	200	138	3265	334	0	0	FULL	1	917330
226	184	108	9	350	24	23	FULL	1	498275
235	145	249	0	295	0	0	FULL	1	698957
232	148	132	418	250	24	25	FULL	2	809891
270	156	177	7	294	0	0	FULL	2	641182
229	159	207	7	594	0	0	FULL	1	90545
195	172	164	5	1272	0	0	FULL	1	886135
411	303	68	1581	671	0	0	ALL_EDGES	3	425598
247	279	152	0	402	0	0	FULL	3	47076
174	129	244	0	841	32	24	FULL	4	619634
265	153	111	4	1699	15	16	FULL	2	489990
210	156	138	1048	257	16	22	SHORT_EDGES	4	326893
268	197	161	8	932	0	0	ALL_EDGES	1	406099
342	281	125	0	250	0	0	FULL	2	543917
244	214	124	6	549	0	0	FULL	2	408049
355	243	133	1161	394	16	14	FULL	2	196853
290	196	149	8	529	0	0	FULL	1	201195
313	221	108	7	340	0	0	FULL	3	907900
354	213	126	0	844	0	0	FULL	1	918953
257	185	179	8	250	5	7	FULL	2	161548
256	178	143	0	545	8	3	FULL	2	654502
300	216	177	2277	979	28	22	FULL	3	737204
357	184	160	0	250	23	21	FULL	2	935030
217	164	211	2917	277	0	0	FULL	2	842959
252	153	297	11	759	7	12	ALL_EDGES	1	242215
230	186	174	7	250	0	0	FULL	3	442200
268	258	152	2824	772	0	0	ALL_EDGES	3	423315
227	191	172	7	405	17	21	FULL	2	495024
292	262	111	0	1039	18	25	FULL	2	332639
262	163	106	4	388	17	17	FULL	1	918266
341	189	132	1836	250	28	29	FULL	2	533550
369	263	119	1023	1330	0	0	FULL	3	516149
349	246	87	7	250	7	11	FULL	3	619563
243	271	174	0	518	20	22	FULL	1	701283
265	200	218	1702	250	0	0	FULL	2	966181
232	189	171	1410	974	0	0	FULL	3	885298
360	258	123	11	250	0	0	FULL	1	794476
270	222	202	0	511	18	18	FULL	5	792549
324	225	157	23	250	20	29	FULL	3	909169
271	169	251	2277	369	30	29	FULL	5	144925
279	243	111	0	1377	0	0	ALL_EDGES	4	156101
303	167	189	9	543	0	0	FULL	3	483835
307	195	193	11	250	0	0	FULL	1	181322
242	171	158	0	873	0	0	FULL	1	112413
259	157	284	0	309	26	24	FULL	3	583252
309	185	200	0	486	0	0	FULL	1	490742
334	195	146	2175	500	25	27	FULL	6	923979
311	213	158	0	678	0	0	FULL	3	915615
224	185	132	2013	648	0	0	FULL	6	945435
329	218	132	9	326	0	0	FULL	1	154352
186	146	165	4	763	0	0	FULL	3	800215
384	283	106	1012	476	14	15	FULL	1	48550
305	238	131	0	435	0	0	FULL	1	484700
261	223	198	11	552	37	36	FULL	1	790533
332	167	190	1428	496	0	0	ALL_EDGES	2	536257
239	195	160	15	710	0	0	FULL	2	234312
501	281	75	10	950	0	0	FULL	8	630945
381	210	143	0	616	36	35	FULL	15	873442
289	188	65	3	396	0	0	FULL	1	948980
265	215	202	23	948	28	25	ALL_EDGES	6	826267
251	196	92	940	545	37	37	FULL	2	655598
293	147	151	6	819	17	23	FULL	2	160468
250	178	191	8	463	0	0	FULL	3	279584
238	244	146	8	250	0	0	FULL	2	876711
347	164	150	1513	709	14	13	FULL	8	470071
250	142	213	7	516	0	0	FULL	1	653990
378	201	112	17	520	0	0	FULL	2	62994
272	157	129	5	506	0	0	FULL	3	807079
351	165	199	11	356	0	0	ALL_EDGES	1	31746
275	181	210	10	615	0	0	FULL	3	171223
279	180	169	0	751	0	0	ALL_EDGES	3	715836
237	182	243	10	250	21	21	FULL	2	406514
285	217	185	11	936	0	0	FULL	1	863037
243	187	98	4	250	0	0	FULL	1	310490
267	192	88	4	328	19	20	FULL	3	439427
314	209	183	0	386	26	29	FULL	1	677984
357	234	137	23	577	26	32	FULL	3	403180
254	153	218	0	557	0	0	FULL	1	221952
403	263	108	11	250	14	15	ALL_EDGES	1	207804
422	296	60	7	250	0	0	FULL	4	862063
300	180	213	1598	250	30	25	FULL	2	895008
286	191	174	19	389	0	0	FULL	3	783806
305	149	165	562	250	0	0	FULL	6	526113
358	233	102	1734	798	0	0	FULL	5	330260
243	209	128	13	1021	22	28	FULL	3	911703
344	221	98	7	771	0	0	FULL	2	790110
267	165	170	7	373	0	0	FULL	1	49891
290	221	117	7	412	24	24	ALL_EDGES	2	816771
240	164	191	7	250	8	6	FULL	2	257325
355	281	95	19	369	0	0	FULL	4	179829
331	285	90	17	861	25	27	FULL	6	190146
383	205	147	23	250	15	21	FULL	1	713196
248	142	241	867	1631	14	9	FULL	1	157124
292	204	109	6	443	0	0	FULL	1	48750
320	225	160	3553	418	0	0	FULL	2	221954
211	173	205	1245	639	0	0	FULL	3	463188
323	219	162	11	250	35	39	FULL	1	217268
262	157	230	9	399	0	0	FULL	2	772724
290	228	174	3197	250	16	11	FULL	3	347836
305	158	155	7	586	25	26	FULL	3	801235
319	248	133	10	634	0	0	FULL	4	806533
265	188	151	7	316	8	11	FULL	2	465491
273	211	165	9	454	0	0	ALL_EDGES	2	47032
318	234	155	0	250	23	23	FULL	1	184993
269	203	137	855	368	33	37	FULL	3	95093
226	206	160	7	250	7	10	FULL	3	717730
227	140	141	0	332	19	14	FULL	1	541621
347	302	110	11	250	13	9	FULL	4	159775
309	247	150	11	631	0	0	FULL	1	84131
288	164	222	798	250	0	0	FULL	6	143642
269	140	280	10	436	19	19	FULL	1	501985
297	176	143	7	422	25	30	FULL	1	87441
276	180	172	8	1307	6	1	FULL	1	12823
292	162	180	8	250	41	37	FULL	1	893199
206	183	173	364	250	20	22	ALL_EDGES	3	666761
359	245	130	11	950	0	0	ALL_EDGES	1	104377
347	311	69	2310	498	37	38	ALL_EDGES	1	347153
268	193	125	1150	598	0	0	FULL	2	888323
279	228	118	7	321	0	0	FULL	2	83784
345	217	60	9	400	15	20	FULL	2	53125
274	188	165	0	250	30	31	FULL	1	937720
231	157	318	11	250	0	0	FULL	1	161650
389	201	146	1897	559	25	30	ALL_EDGES	3	897573
250	241	174	2131	465	0	0	FULL	1	755205
235	140	351	11	523	32	34	FULL	1	706311
348	206	132	9	527	14	14	FULL	10	402659
269	204	191	10	250	0	0	FULL	3	207881
321	253	129	0	565	0	0	FULL	2	130636
362	275	105	21	446	0	0	FULL	2	426499
273	178	154	7	611	0	0	FULL	1	406904
301	240	118	8	556	0	0	FULL	5	374400
301	201	124	0	250	13	15	FULL	1	868911
316	219	152	10	747	22	20	FULL	1	427123
272	174	95	1395	842	12	15	ALL_EDGES	3	26026
329	333	105	2173	917	20	22	FULL	2	184504
246	176	219	893	250	0	0	FULL	3	992179
260	212	154	0	367	0	0	FULL	1	330414
304	213	115	7	388	0	0	FULL	1	377711
428	339	79	11	364	6	6	FULL	2	220923
303	174	199	1260	250	7	10	FULL	2	874917
284	206	163	9	1270	0	0	FULL	1	950670
255	172	148	0	454	0	0	FULL	1	170369
347	218	73	0	544	0	0	FULL	3	563217
381	289	77	8	378	21	30	FULL	4	120149
231	172	114	4	700	0	0	FULL	6	143091
303	296	94	8	283	21	25	FULL	2	638635
357	163	198	11	250	0	0	FULL	4	970228
357	201	118	3604	250	27	26	FULL	2	667250
259	211	212	2472	409	0	0	FULL	2	27365
271	205	117	6	250	12	16	FULL	1	77091
241	131	238	7	1029	0	0	FULL	1	491716
308	219	126	0	834	36	40	FULL	2	956994
262	218	184	0	462	0	0	FULL	1	155040
261	212	136	1057	1218	0	0	FULL	6	795591
294	149	238	10	657	0	0	CORNERS	4	109221
204	141	123	437	250	0	0	FULL	3	405030
301	178	158	8	617	6	9	FULL	1	455454
327	183	108	6	480	16	17	FULL	2	909692
346	305	109	0	486	25	32	FULL	1	920164
216	163	127	693	1467	0	0	FULL	3	853163
299	177	218	11	1086	0	0	FULL	1	34367
307	229	164	2173	475	0	0	FULL	1	12821
237	183	104	9	509	0	0	FULL	1	991738
322	242	147	989	885	0	0	FULL	2	438536
258	181	181	960	1113	0	0	FULL	6	956297
312	253	145	11	725	0	0	FULL	1	660005
290	221	149	19	418	0	0	FULL	2	730261
290	207	158	1653	798	0	0	FULL	3	95955
286	221	182	11	930	0	0	FULL	2	888470
291	150	103	355	1412	4	14	FULL	1	98658
284	186	123	1605	250	0	0	FULL	1	899990
304	175	122	0	542	0	0	ALL_EDGES	1	154637
335	217	158	11	651	6	9	FULL	1	508389
267	191	167	8	998	9	9	FULL	1	171621
310	215	128	1207	670	0	0	FULL	2	505574
399	270	97	945	869	0	0	FULL	1	694928
382	209	120	2707	334	12	14	ALL_EDGES	1	560133
295	189	189	21	521	0	0	FULL	2	114694
298	235	121	8	698	28	32	ALL_EDGES	2	802856
297	203	124	0	497	24	22	FULL	2	977277
346	219	126	9	516	23	25	FULL	1	325527
287	162	140	6	332	22	29	FULL	1	370023
355	316	103	4140	250	0	0	FULL	1	784411
294	163	176	8	992	35	36	FULL	1	106548
227	203	119	5	545	8	10	ALL_EDGES	1	78615
225	158	155	11	1131	27	26	FULL	4	441483
258	180	182	17	250	0	0	FULL	1	946151
316	165	163	8	548	14	15	FULL	2	510815
262	273	161	908	250	0	0	FULL	2	437909
399	230	125	11	657	0	0	ALL_EDGES	3	465816
321	238	112	17	325	0	0	FULL	1	436037
373	209	148	2081	250	0	0	FULL	4	529743
320	209	127	8	250	20	18	FULL	1	346683
375	291	105	1184	568	15	16	FULL	4	168923
299	228	154	10	484	17	20	FULL	1	985189
270	161	127	1138	542	6	6	FULL	3	197340
270	237	118	7	498	0	0	FULL	2	404155
314	145	187	2992	896	30	31	FULL	4	288005
182	176	266	1139	496	0	0	FULL	1	294716
285	225	180	11	941	0	0	ALL_EDGES	1	70496
247	189	140	0	250	0	0	ALL_EDGES	2	665841
190	132	178	513	576	26	32	FULL	1	189439
250	167	180	7	250	0	0	FULL	4	372304
451	188	135	11	815	0	0	FULL	3	273578
460	245	106	12	250	0	0	FULL	3	510797
292	216	167	0	576	4	7	FULL	2	469005
264	203	140	15	250	5	4	ALL_EDGES	6	6659
371	251	70	6	363	0	0	FULL	1	667308
331	229	138	0	750	37	40	FULL	2	819346
251	167	132	5	509	0	0	FULL	2	408928
304	233	134	0	1569	19	24	ALL_EDGES	4	4273
287	194	205	11	796	11	13	FULL	6	507025
311	217	156	3486	824	34	38	FULL	1	644297
221	177	141	5	1366	0	0	FULL	4	831744
349	280	123	12	1319	0	0	ALL_EDGES	2	690354
271	178	135	6	250	0	0	ALL_EDGES	1	833152
245	167	282	1414	791	36	42	FULL	1	745643
239	174	206	8	312	16	19	FULL	4	716485
280	237	173	0	539	0	0	FULL	1	123252
223	173	143	0	311	0	0	ALL_EDGES	2	823864
227	171	193	7	482	25	25	ALL_EDGES	4	418897
395	277	78	8	564	0	0	FULL	2	567591
318	277	131	0	250	0	0	FULL	1	369491
181	161	153	216	323	30	33	FULL	1	639579
258	198	226	11	1463	18	24	FULL	3	741606
255	149	275	10	250	0	0	FULL	1	191450
238	150	293	0	1114	0	0	ALL_EDGES	1	889784
287	182	106	1083	1102	12	14	FULL	6	145824
374	186	108	7	957	0	0	FULL	4	90617
244	121	118	7	530	21	27	FULL	1	901952
267	214	202	0	1161	0	0	FULL	1	416184
294	240	120	8	673	0	0	ALL_EDGES	1	797458
251	157	215	1088	756	26	31	FULL	1	722809
267	220	128	7	314	0	0	ALL_EDGES	1	705794
314	181	149	0	1142	0	0	FULL	3	774065
316	215	169	11	402	16	18	FULL	4	84664
227	137	176	698	473	15	19	ALL_EDGES	1	399760
260	139	124	261	652	0	0	FULL	5	23863
368	250	92	8	390	20	26	FULL	3	343124
320	185	93	5	452	0	0	ALL_EDGES	3	643212
320	222	91	695	469	0	0	FULL	1	127093
278	175	134	13	599	0	0	FULL	3	923056
302	189	150	0	250	0	0	FULL	5	41011
326	186	173	0	1304	14	15	FULL	1	593978
198	144	193	1056	443	0	0	FULL	4	69061
328	189	193	12	347	20	21	ALL_EDGES	5	404455
276	166	262	12	329	0	0	FULL	2	238246
269	244	114	7	285	0	0	FULL	4	652287
331	255	136	11	717	0	0	FULL	5	579289
241	240	181	10	250	0	0	FULL	2	696486
282	203	183	1407	742	15	12	FULL	1	395434
280	220	138	8	666	24	24	FULL	3	355917
339	210	162	0	1140	12	13	FULL	1	358109
327	190	153	0	581	10	16	FULL	3	918431
323	215	137	28	554	0	0	FULL	1	725476
306	161	174	1496	465	22	17	FULL	3	752430
291	214	121	952	442	10	17	ALL_EDGES	2	247438
355	224	107	8	518	0	0	FULL	3	617615
200	148	254	1252	1033	25	20	FULL	1	27469
284	151	244	1543	766	39	36	ALL_EDGES	2	923464
223	154	217	7	668	0	0	FULL	2	704926
290	248	119	5057	946	29	29	FULL	2	702813
255	140	211	0	774	36	37	FULL	1	937925
286	179	165	8	250	0	0	FULL	1	638867
347	208	118	17	421	8	10	FULL	6	460584
223	150	105	7	686	12	11	FULL	2	118666
293	200	162	9	775	23	18	FULL	2	555125
361	242	131	23	401	18	22	FULL	1	437427
348	248	133	11	501	24	23	FULL	2	107234
188	149	268	1897	688	2	7	FULL	2	660903
356	295	100	420	327	0	0	ALL_EDGES	1	730561
258	173	101	4	507	24	23	FULL	2	479092
340	207	121	0	263	0	0	FULL	3	944624
326	206	126	8	1172	0	0	FULL	4	115708
303	232	135	19	250	33	34	FULL	2	248635
311	144	211	9	420	8	7	FULL	3	55761
301	212	133	17	471	0	0	ALL_EDGES	4	627069
268	147	190	0	732	0	0	FULL	2	271204
321	257	128	10	745	31	35	ALL_EDGES	3	215646
378	281	108	0	421	0	0	FULL	1	445437
220	165	125	0	250	5	9	FULL	2	942920
287	206	144	2856	433	0	0	ALL_EDGES	2	44414
279	190	85	4	454	19	16	FULL	2	808557
329	234	124	1529	424	0	0	ALL_EDGES	1	619287
224	180	136	0	1449	7	5	FULL	2	210836
239	160	171	6	392	0	0	FULL	2	673825
353	202	161	0	454	18	20	FULL	6	923733
225	165	311	11	993	0	0	FULL	2	924533
287	201	164	9	704	24	24	FULL	1	512998
298	165	194	0	250	27	26	FULL	1	160670
351	239	137	11	595	14	14	FULL	1	365495
426	283	71	0	387	0	0	FULL	1	554669
287	156	167	15	883	27	24	FULL	2	430612
290	228	98	1261	458	8	13	FULL	1	944749
206	161	257	1955	913	0	0	FULL	2	68256
239	186	101	9	488	0	0	FULL	3	14418
248	188	258	12	250	0	0	FULL	1	377445
275	249	154	1711	256	0	0	FULL	5	40944
269	213	78	9	499	0	0	FULL	1	840879
241	238	164	0	725	25	30	FULL	1	625198
460	220	119	12	654	0	0	FULL	2	748467
241	181	172	7	405	25	25	FULL	2	385682
247	170	108	4	448	39	39	FULL	3	323260
226	159	208	7	448	30	31	FULL	4	846683
373	198	142	10	402	36	33	FULL	1	723514
195	121	192	4	454	0	0	FULL	3	419399
340	215	158	3036	693	13	11	FULL	2	25418
215	135	154	4	361	0	0	FULL	1	79606
291	237	138	9	567	6	13	FULL	1	503639
334	252	101	8	250	0	0	FULL	1	250465
257	159	111	1872	692	0	0	FULL	2	594479
371	182	155	0	618	15	23	FULL	2	982697
300	220	114	2407	293	10	15	FULL	1	605626
258	189	236	0	365	8	7	FULL	1	417718
349	238	139	23	410	8	9	FULL	6	9427
391	234	126	2403	452	36	38	FULL	2	520278
259	253	114	7	250	21	16	FULL	4	648395
337	222	113	8	393	0	0	FULL	4	913715
271	168	209	19	484	0	0	FULL	9	894882
257	164	224	19	477	0	0	FULL	2	732307
377	295	108	0	694	13	13	FULL	1	730510
217	133	190	0	478	17	16	FULL	2	233270
291	169	173	8	682	0	0	FULL	1	892310
372	184	124	8	289	0	0	FULL	1	419230
249	171	152	1306	938	0	0	FULL	1	477642
273	147	137	5	1025	0	0	FULL	2	509120
320	233	155	0	1132	0	0	FULL	2	232948
278	196	156	0	622	0	0	FULL	1	339731
201	129	134	1564	1192	0	0	ALL_EDGES	1	815691
268	190	147	412	375	0	0	FULL	2	54233
356	243	133	897	250	0	0	FULL	3	523655
264	161	106	0	691	16	14	FULL	2	274883
203	177	210	0	1281	0	0	ALL_EDGES	3	274256
343	220	86	955	1469	0	0	FULL	2	374872
286	169	114	5	357	0	0	FULL	1	908388
335	232	148	0	250	20	25	FULL	1	601057
342	280	89	1181	394	0	0	FULL	1	856611
265	188	242	12	519	27	27	FULL	4	598066
357	246	51	4	493	10	8	FULL	2	636279
355	203	160	11	903	18	21	FULL	2	540653
287	159	165	1162	250	34	35	FULL	1	885933
305	188	201	4922	250	0	0	FULL	2	939899
337	200	67	4	497	0	0	FULL	1	86083
254	175	258	0	966	20	23	FULL	1	534466
412	282	99	11	1414	0	0	FULL	1	29566
281	177	170	1878	250	15	12	FULL	1	992784
279	168	117	0	250	0	0	ALL_EDGES	2	923814
316	210	173	11	250	0	0	ALL_EDGES	5	114772
250	177	215	0	250	0	0	FULL	3	876806
287	195	152	0	529	13	21	FULL	1	49592
328	289	121	11	270	19	16	ALL_EDGES	2	551877
280	216	124	0	1048	0	0	FULL	2	959389
220	164	235	0	250	0	0	FULL	3	414054
193	140	129	766	743	20	22	FULL	1	434579
334	169	204	11	446	0	0	FULL	1	640751
260	188	153	7	250	0	0	FULL	4	133269
277	264	116	8	250	0	0	FULL	1	104654
218	127	198	5	361	0	0	FULL	2	434242
279	237	158	1239	250	0	0	FULL	6	592660
277	186	184	9	464	21	17	FULL	3	647631
246	174	176	480	389	35	35	FULL	1	188464
321	211	126	0	944	0	0	FULL	1	635606
317	243	98	7	333	0	0	FULL	1	2130
226	172	219	2983	975	0	0	FULL	2	622130
261	240	120	7	780	0	0	FULL	2	567635
301	186	152	3221	1157	0	0	FULL	2	315825
287	182	162	1708	1071	26	26	FULL	1	734398
250	173	266	1587	479	0	0	FULL	1	793438
231	182	107	4	250	0	0	FULL	1	108752
226	202	187	8	698	24	23	FULL	2	26043
294	169	151	7	1104	0	0	ALL_EDGES	2	913984
306	187	148	0	522	19	21	FULL	3	5419
326	172	204	11	901	0	0	ALL_EDGES	1	829085
290	141	183	15	705	30	35	FULL	3	914026
266	260	109	7	1045	15	20	FULL	3	577924
294	170	111	5	395	0	0	ALL_EDGES	1	833913
342	238	148	12	296	28	27	FULL	14	415848
396	291	100	931	330	0	0	FULL	4	260529
398	233	113	10	250	8	13	FULL	1	84921
326	264	140	12	880	0	0	FULL	1	448531
303	184	135	825	250	0	0	FULL	2	531638
274	218	176	640	511	0	0	ALL_EDGES	6	477925
262	177	140	6	301	0	0	FULL	2	398312
445	308	55	2295	314	0	0	FULL	1	800368
290	197	201	1529	691	3	11	FULL	3	686198
348	212	115	8	1235	0	0	FULL	2	913580
248	193	157	7	361	0	0	ALL_EDGES	3	528017
263	190	151	1687	1507	0	0	FULL	1	68651
287	202	78	0	250	34	33	FULL	1	347135
254	191	216	0	901	25	17	CORNERS	1	543129
295	160	243	1932	467	13	9	FULL	1	356357
241	210	189	608	1110	0	0	FULL	1	312066
283	227	101	455	313	23	28	FULL	2	169439
287	191	155	0	758	0	0	ALL_EDGES	2	97884
270	218	77	0	889	24	25	FULL	1	406423
248	216	65	0	643	0	0	FULL	1	594860
330	269	95	8	670	0	0	FULL	1	699257
244	190	183	2312	1249	31	27	FULL	5	727912
312	185	112	0	541	0	0	FULL	1	220980
403	276	104	11	543	0	0	FULL	4	490347
220	192	107	0	250	13	8	FULL	5	15097
350	209	102	0	1449	0	0	FULL	2	183457
302	161	195	9	498	0	0	FULL	1	266783
265	234	105	6	572	34	31	FULL	2	557411
280	252	107	7	335	0	0	FULL	3	660440
268	190	167	2771	570	26	34	FULL	2	581581
267	172	142	6	368	4	5	FULL	1	532660
227	184	179	795	250	0	0	FULL	1	550710
322	240	123	9	494	32	33	ALL_EDGES	1	256956
270	195	218	11	504	26	19	FULL	1	469776
253	160	284	11	250	29	31	FULL	7	890476
309	198	139	2575	803	27	27	ALL_EDGES	1	384579
330	229	113	8	653	6	9	ALL_EDGES	1	623805
277	214	177	21	575	5	4	FULL	1	831398
256	177	255	1955	250	0	0	FULL	4	696968
251	188	159	15	1059	0	0	FULL	1	633562
270	228	139	8	250	16	17	FULL	2	778546
239	172	110	1408	799	0	0	FULL	1	812060
308	212	115	7	577	20	19	FULL	2	603554
268	203	82	9	250	0	0	FULL	1	361486
268	216	198	885	1958	0	0	FULL	5	379816
303	173	220	11	795	16	14	FULL	2	628821
243	136	256	2465	845	0	0	ALL_EDGES	1	5375
233	170	241	2004	1205	0	0	FULL	1	261776
304	245	114	884	350	0	0	FULL	1	872761
202	162	137	4	1249	0	0	ALL_EDGES	1	726265
225	195	274	0	548	26	23	FULL	2	264202
253	240	157	9	765	22	21	FULL	1	445645
178	141	179	4	360	35	39	FULL	1	862107
260	152	290	23	250	18	20	ALL_EDGES	2	88792
247	178	102	747	1769	13	13	FULL	2	715927
245	112	165	4	435	16	15	ALL_EDGES	1	615164
279	191	217	1679	336	0	0	FULL	2	767315
301	180	193	1176	275	14	14	FULL	2	819685
318	239	46	721	732	18	18	FULL	1	66841
326	215	150	10	429	39	40	FULL	2	867942
223	142	143	2929	2000	0	0	ALL_EDGES	1	456176
340	203	152	10	421	0	0	FULL	4	313248
250	166	204	8	284	23	20	FULL	1	518519
297	175	144	7	305	0	0	FULL	1	132922
359	224	143	0	580	0	0	FULL	2	242485
312	187	146	1096	412	15	22	FULL	1	159673
258	219	168	1852	901	17	17	FULL	2	541037
351	184	178	0	480	0	0	FULL	2	304002
214	155	135	283	673	18	17	FULL	1	829495
219	160	213	0	1145	28	28	FULL	2	694859
357	252	128	1035	250	0	0	FULL	5	453579
279	213	110	6	295	0	0	FULL	2	224248
224	209	204	940	370	0	0	FULL	2	795631
219	207	232	0	620	26	27	ALL_EDGES	1	7358
223	185	109	0	782	11	12	FULL	2	52672
282	204	130	7	250	7	10	FULL	2	688607
240	186	212	1406	534	0	0	FULL	2	38323
335	184	139	2524	1019	31	34	FULL	1	861258
334	258	122	0	458	0	0	FULL	2	89026
276	129	126	634	492	0	0	FULL	1	659612
274	238	161	2247	776	0	0	FULL	2	534049
284	175	211	0	878	25	28	FULL	6	194411
318	233	155	1748	1693	25	29	FULL	4	808507
324	208	179	12	986	0	0	FULL	1	28015
260	197	166	0	1063	27	28	FULL	2	714709
319	232	143	10	250	28	30	FULL	2	122472
335	258	122	10	1036	16	23	FULL	1	787983
313	187	197	2668	639	0	0	FULL	1	359990
321	248	145	11	337	15	19	FULL	2	685401
344	191	183	732	384	0	0	FULL	2	510928
223	130	156	0	250	10	10	FULL	4	91098
234	186	173	705	597	0	0	FULL	2	156135
298	292	133	11	493	32	34	FULL	1	582474
256	208	215	11	559	0	0	FULL	1	243973
204	177	180	1001	796	0	0	FULL	2	137712
305	184	80	1624	824	0	0	FULL	1	946952
267	241	133	8	1137	28	27	FULL	2	37786
405	242	107	21	692	0	0	FULL	2	861812
382	241	81	1170	1105	0	0	FULL	1	564560
333	240	151	0	567	0	0	FULL	2	328167
258	192	90	4	580	0	0	FULL	3	957472
312	230	161	23	1231	0	0	FULL	1	895381
272	151	159	6	377	9	10	ALL_EDGES	1	644084
169	147	182	2115	1105	0	0	FULL	5	445512
227	133	280	8	399	14	16	FULL	1	459798
380	303	100	0	634	0	0	ALL_EDGES	2	381221
236	181	174	0	250	0	0	FULL	2	984146
288	187	196	3664	551	0	0	FULL	4	502202
295	192	149	1156	364	30	37	FULL	1	760374
216	148	204	1436	391	0	0	ALL_EDGES	3	222105
340	156	159	8	250	24	31	FULL	2	42902
311	157	153	1005	307	0	0	FULL	2	527708
267	205	191	1900	529	28	30	FULL	3	699778
327	163	140	1020	344	23	29	FULL	1	200931
261	175	208	19	472	15	20	FULL	1	401532
254	172	194	8	918	28	29	FULL	1	281468
221	171	172	552	250	0	0	FULL	2	372717
218	138	313	9	767	0	0	FULL	4	84658
367	237	97	1751	792	8	7	LONG_EDGES	1	409384
281	159	145	0	1109	26	23	FULL	4	233031
241	149	293	1606	315	0	0	FULL	2	468169
263	207	139	1995	250	0	0	FULL	2	294315
250	198	242	24	434	27	33	FULL	2	537208
396	255	119	1284	561	31	32	FULL	2	548895
297	241	105	7	794	21	18	ALL_EDGES	1	290933
364	214	109	17	358	22	27	FULL	2	11770
337	222	153	11	899	0	0	FULL	2	76585
357	181	116	7	345	0	0	FULL	1	897322
235	159	200	7	383	0	0	FULL	2	513565
271	178	176	8	616	27	29	FULL	3	506895
320	269	134	0	556	6	7	FULL	4	282490
257	196	149	0	851	0	0	FULL	1	264126
281	170	137	0	298	0	0	FULL	1	225192
283	118	224	7	593	17	20	FULL	5	451955
363	234	135	2668	405	0	0	FULL	1	71936
301	190	210	1896	1210	0	0	FULL	5	271560
312	184	165	9	508	0	0	FULL	1	592033
318	174	208	2323	525	0	0	FULL	1	667457
290	173	149	0	386	0	0	FULL	3	835387
333	236	83	6	1062	0	0	FULL	2	105505
235	166	115	0	467	0	0	FULL	1	29005
346	192	158	0	250	0	0	FULL	1	366712
295	161	242	2599	285	14	15	FULL	2	243867
284	88	181	454	631	0	0	FULL	3	944169
337	230	97	7	595	0	0	FULL	3	187371
328	221	158	11	533	16	14	ALL_EDGES	2	607796
254	180	98	652	613	0	0	FULL	1	726899
354	225	144	11	250	0	0	FULL	3	815569
351	235	103	0	1506	11	17	FULL	2	24901
230	161	202	7	820	0	0	FULL	2	399080
259	209	222	12	653	0	0	FULL	1	784166
211	138	190	5	602	0	0	FULL	1	933577
241	222	160	17	349	0	0	FULL	2	949558
185	177	228	7	588	27	26	FULL	3	377444
343	267	115	10	638	0	0	FULL	2	203899
190	125	271	6	689	22	20	FULL	2	710348
275	174	242	3013	664	21	25	FULL	1	773494
254	225	148	1037	250	4	5	FULL	1	62869
403	218	97	8	642	27	32	FULL	6	244226
361	236	123	10	667	14	15	ALL_EDGES	2	308621
375	157	144	3468	709	20	19	FULL	2	170197
250	179	167	0	566	47	46	FULL	1	918251
217	174	305	11	538	27	32	FULL	2	118061
327	227	88	6	425	32	37	ALL_EDGES	3	62852
271	198	197	892	250	0	0	FULL	1	366723
302	194	196	0	250	30	34	FULL	2	422825
280	236	83	0	403	19	18	FULL	1	422107
253	197	151	0	444	28	27	FULL	2	62008
374	218	104	8	549	16	15	FULL	2	376236
361	165	143	0	282	11	14	FULL	1	433954
296	143	177	540	250	0	0	ALL_EDGES	1	204684
262	178	139	6	1381	0	0	FULL	1	502906
413	358	37	0	580	0	0	FULL	2	16770
308	161	211	10	250	15	11	ALL_EDGES	1	421808
347	239	79	6	730	0	0	FULL	1	309041
237	160	118	0	644	9	7	ALL_EDGES	3	399937
296	250	101	7	367	11	11	FULL	1	348810
267	171	207	0	250	0	0	FULL	2	975084
319	264	137	0	652	0	0	FULL	1	349015
281	137	118	9	484	0	0	FULL	3	600287
298	203	91	720	250	0	0	ALL_EDGES	1	322445
211	154	139	4	443	0	0	FULL	1	817890
362	237	122	21	612	26	33	FULL	3	558666
246	159	165	0	865	0	0	FULL	2	673425
379	242	125	506	833	0	0	FULL	1	884495
275	180	172	2363	731	0	0	FULL	2	150492
240	218	105	5	578	0	0	FULL	8	60229
322	265	100	8	1250	0	0	FULL	1	32020
326	169	210	0	632	0	0	FULL	4	52436
256	189	238	0	571	33	37	FULL	3	26153
282	204	199	11	250	0	0	ALL_EDGES	2	780478
287	218	120	7	896	10	10	FULL	4	35368
310	157	155	7	366	17	17	FULL	3	370828
513	132	155	10	536	0	0	FULL	1	731309
381	314	97	1782	780	21	14	FULL	1	950576
393	232	132	1500	882	0	0	FULL	6	870543
279	201	80	4	1275	34	33	CORNERS	3	76495
293	202	144	1164	262	13	16	FULL	1	929301
308	212	115	7	567	0	0	FULL	3	865807
223	171	144	5	346	0	0	FULL	2	797999
269	150	137	11	624	16	21	ALL_EDGES	1	283272
227	169	299	1000	1372	0	0	FULL	1	144802
301	193	181	1417	1200	0	0	FULL	1	108851
362	188	125	17	655	0	0	ALL_EDGES	4	566017
336	272	169	2387	1009	0	0	FULL	1	120157
361	252	203	0	449	13	14	FULL	1	106297
496	275	128	17	1051	7	14	FULL	2	870326
330	274	138	0	696	0	0	ALL_EDGES	3	394520
490	223	151	2607	640	4	5	FULL	2	286181
442	235	188	39	713	23	26	FULL	1	65245
416	276	161	37	397	0	0	FULL	1	953794
351	200	235	0	1317	0	0	FULL	1	678403
310	216	246	0	468	15	10	FULL	1	774659
388	230	207	2072	719	0	0	ALL_EDGES	2	993961
268	213	290	3085	305	32	32	ALL_EDGES	2	199750
325	233	257	19	250	26	27	FULL	2	462584
339	190	301	3451	383	0	0	FULL	3	588517
374	295	141	2759	488	0	0	FULL	2	24497
337	169	220	2025	717	35	36	ALL_EDGES	2	7502
297	259	202	31	676	12	14	FULL	1	972052
434	228	198	39	745	0	0	FULL	2	225032
278	204	239	13	380	5	9	FULL	2	961424
360	192	239	33	595	0	0	FULL	2	89833
617	334	90	0	460	9	11	FULL	1	958036
368	215	171	0	592	24	28	FULL	2	775824
244	182	281	6237	967	0	0	FULL	3	428808
265	213	293	0	561	0	0	ALL_EDGES	3	529705
306	220	260	542	1053	0	0	FULL	1	919478
373	251	144	13	752	0	0	ALL_EDGES	1	99068
401	343	134	18	393	22	24	FULL	1	680804
340	223	204	15	250	30	36	FULL	4	387827
438	220	172	0	683	0	0	ALL_EDGES	1	334604
325	212	182	12	959	0	0	FULL	1	591926
399	325	143	0	406	0	0	FULL	1	372822
339	244	163	13	648	0	0	FULL	3	681576
262	243	226	14	778	17	17	FULL	2	44242
349	235	238	0	733	0	0	FULL	1	321264
593	337	73	4002	628	0	0	FULL	5	112403
411	244	195	19	250	20	20	FULL	1	288631
357	283	123	4212	250	0	0	FULL	2	553963
392	381	104	31	1276	0	0	ALL_EDGES	3	815047
331	293	128	1750	672	0	0	FULL	3	743033
294	295	144	537	250	0	0	FULL	3	609447
372	276	131	3267	330	0	0	FULL	4	772173
339	233	171	27	498	23	21	FULL	2	725472
303	155	353	33	844	0	0	FULL	2	535443
377	231	155	2956	352	20	26	FULL	2	177150
397	267	137	1044	635	19	18	FULL	4	623222
341	267	149	0	250	48	50	ALL_EDGES	1	901630
391	317	157	0	381	0	0	FULL	1	988688
373	303	164	37	619	0	0	FULL	1	281255
396	281	176	19	676	19	22	ALL_EDGES	7	494835
306	170	239	12	380	0	0	FULL	1	787307
264	202	235	12	845	24	30	FULL	1	474334
336	215	187	0	1436	8	6	ALL_EDGES	4	154226
328	230	166	6037	1055	0	0	FULL	1	268981
532	284	129	19	405	0	0	FULL	2	509185
303	252	228	17	995	0	0	ALL_EDGES	2	265705
342	222	205	7192	2000	0	0	FULL	1	722585
334	260	189	16	455	0	0	FULL	1	152456
338	208	177	0	560	19	29	FULL	1	378779
338	238	193	31	506	0	0	FULL	1	70278
339	207	207	0	724	22	20	ALL_EDGES	1	625015
419	241	163	4521	714	0	0	FULL	1	499769
450	306	105	3088	250	39	40	FULL	1	32813
334	267	141	12	737	0	0	ALL_EDGES	2	397617
336	231	200	2883	379	0	0	FULL	1	732865
321	187	324	0	758	0	0	FULL	3	423181
289	242	249	7140	793	27	25	FULL	5	921364
476	321	102	0	299	6	7	ALL_EDGES	3	343048
384	253	150	6249	653	21	25	FULL	3	765145
325	199	256	2805	712	0	0	FULL	4	554418
337	256	180	15	1170	0	0	FULL	1	235264
302	269	154	12	463	0	0	FULL	1	663576
379	285	144	0	470	4	6	CORNERS	1	867639
391	175	182	2300	544	0	0	FULL	4	137033
445	235	148	2898	728	14	22	FULL	1	401344
483	211	152	31	618	0	0	FULL	1	34743
286	252	215	15	981	7	6	FULL	1	827231
236	236	225	12	409	0	0	ALL_EDGES	1	353952
413	191	235	0	673	15	14	FULL	5	603351
484	388	82	6200	527	28	35	FULL	2	597971
373	159	277	841	771	0	0	FULL	1	18536
328	202	218	1667	559	0	0	FULL	2	824773
378	281	137	2102	895	30	34	FULL	2	99061
360	200	215	15	759	31	35	FULL	2	503960
296	245	172	12	1233	0	0	FULL	1	864308
484	286	141	2145	687	0	0	FULL	2	887881
411	307	147	18	881	10	11	FULL	2	436673
330	244	248	20	453	0	0	FULL	1	902900
238	201	388	1073	602	19	24	FULL	2	903195
309	285	188	2310	250	9	8	FULL	1	440205
304	242	170	25	250	35	39	FULL	4	535559
426	328	111	15	884	15	15	FULL	3	473841
503	387	69	13	506	0	0	FULL	2	754672
424	293	141	17	413	0	0	FULL	4	186983
445	324	128	0	879	19	15	FULL	6	467436
411	210	191	16	798	4	4	FULL	3	57768
252	255	209	27	1239	0	0	FULL	2	960127
313	243	256	0	680	10	12	FULL	3	787936
531	216	144	445	296	0	0	FULL	1	10743
336	289	129	12	1026	10	14	FULL	2	59709
363	266	202	1989	468	0	0	FULL	2	852123
380	333	138	17	382	5	8	FULL	2	351893
415	234	159	15	651	0	0	FULL	1	452412
412	250	121	12	377	0	0	ALL_EDGES	1	366433
249	209	241	12	1564	0	0	FULL	5	493613
397	236	176	33	380	0	0	FULL	2	256932
367	237	144	3312	250	19	17	FULL	1	225588
488	235	135	0	422	0	0	FULL	2	551766
371	280	149	31	459	22	24	FULL	2	154744
476	325	129	20	980	0	0	FULL	1	455446
516	283	93	13	344	33	32	FULL	1	395546
392	272	136	14	477	0	0	FULL	2	659833
311	228	218	0	886	4	4	CORNERS	5	262055
426	227	160	31	463	0	0	FULL	3	347612
352	204	215	15	250	40	41	ALL_EDGES	2	960333
280	205	219	1700	735	0	0	FULL	1	591185
322	246	207	1270	774	23	26	FULL	2	667333
493	401	78	0	499	28	30	FULL	4	772836
345	192	250	0	445	16	15	FULL	1	879347
460	286	125	16	511	9	7	FULL	1	707448
342	298	133	13	864	22	21	FULL	3	220849
318	194	204	1000	1051	0	0	FULL	3	781411
303	234	260	0	593	0	0	FULL	1	829479
390	277	143	15	576	32	33	FULL	2	224549
293	240	206	0	299	12	15	FULL	2	132839
269	195	239	12	1206	19	17	FULL	2	236638
439	220	160	15	250	8	11	FULL	3	8447
350	251	142	987	422	0	0	FULL	4	360606
482	231	174	0	530	32	36	ALL_EDGES	3	582746
314	203	312	20	434	12	15	FULL	3	87807
363	228	235	0	1207	0	0	FULL	3	127134
338	237	155	3725	727	0	0	FULL	4	309033
362	333	162	1813	1387	19	20	FULL	2	458357
303	226	227	15	487	0	0	FULL	1	84675
342	243	187	15	556	0	0	FULL	2	819431
242	204	313	1426	275	0	0	FULL	1	353838
321	227	255	18	529	4	8	FULL	1	896270
416	218	171	15	1690	22	28	ALL_EDGES	3	370283
353	274	149	29	337	0	0	FULL	2	86028
365	254	189	2765	250	0	0	FULL	1	8595
265	167	442	39	304	26	26	FULL	5	400650
336	245	176	5742	299	0	0	FULL	1	943014
269	191	282	3088	783	0	0	ALL_EDGES	1	970470
328	138	343	31	250	0	0	FULL	1	326286
324	261	196	16	453	24	24	ALL_EDGES	1	279917
391	289	111	12	570	0	0	FULL	1	275010
301	197	262	0	846	0	0	FULL	2	786204
368	267	189	18	284	43	44	FULL	3	74943
295	192	221	1650	250	46	46	FULL	2	233467
492	230	137	4231	375	25	24	LONG_EDGES	1	573362
398	321	153	19	678	0	0	FULL	1	516260
436	238	149	2681	298	0	0	FULL	2	296707
334	274	201	18	792	22	23	FULL	1	903145
378	202	216	4207	1592	0	0	FULL	1	111557
395	357	124	17	250	0	0	FULL	9	6631
346	225	250	19	607	20	13	FULL	2	769985
406	255	140	7105	1070	0	0	FULL	4	632032
307	200	235	14	250	13	11	FULL	1	227582
438	359	99	15	250	23	22	FULL	1	321494
460	352	123	20	443	15	17	ALL_EDGES	1	716331
432	274	114	2200	332	0	0	FULL	1	227657
290	214	234	14	1064	0	0	FULL	1	623942
407	238	139	13	908	0	0	FULL	2	447335
305	205	248	3286	625	17	16	ALL_EDGES	1	436826
392	241	197	18	685	4	6	FULL	1	656134
344	265	159	14	670	0	0	FULL	1	1405
277	236	206	1120	306	0	0	FULL	4	355315
391	175	211	14	799	16	11	FULL	1	572283
342	261	185	6864	250	0	0	FULL	2	69755
342	244	173	14	988	9	9	FULL	2	409322
528	416	84	18	1223	0	0	FULL	2	728824
318	223	176	12	408	0	0	FULL	2	372426
368	192	233	33	250	0	0	FULL	3	854721
391	329	121	15	250	34	39	FULL	2	522477
407	225	147	27	581	0	0	ALL_EDGES	1	455698
464	206	182	3850	526	0	0	FULL	3	590420
250	232	268	15	301	0	0	FULL	3	902941
434	261	146	16	596	0	0	FULL	5	128300
382	267	162	16	440	0	0	FULL	3	302376
345	301	178	2386	779	9	9	FULL	6	905196
341	211	215	5688	498	8	16	FULL	2	528318
410	230	175	16	250	0	0	FULL	5	852854
380	202	203	0	253	35	31	FULL	2	376616
407	287	158	277	273	0	0	FULL	4	178344
467	345	103	16	250	21	26	FULL	1	876814
359	269	182	3255	289	0	0	FULL	4	479122
337	197	203	0	250	11	8	FULL	1	258841
335	300	144	4263	2018	0	0	ALL_EDGES	1	254678
268	144	352	2281	250	22	20	FULL	2	637977
404	209	195	16	1012	23	28	FULL	2	661775
351	288	143	14	468	0	0	FULL	2	780253
312	231	202	14	380	0	0	FULL	1	669702
422	305	97	0	1153	0	0	FULL	3	233559
316	209	188	0	250	27	32	FULL	5	379286
306	207	275	2047	495	0	0	FULL	2	121577
262	149	319	0	585	15	18	FULL	2	177136
394	253	155	3379	348	5	5	FULL	2	657188
340	169	287	4768	423	36	38	FULL	3	413546
406	230	134	12	894	10	13	FULL	1	349539
457	318	134	19	496	10	12	ALL_EDGES	1	708088
325	184	226	13	1061	16	17	FULL	1	43406
387	258	196	19	284	0	0	FULL	3	252096
319	188	243	1812	693	0	0	FULL	1	177430
341	240	165	0	1077	17	13	FULL	3	622027
360	233	149	3100	487	22	17	ALL_EDGES	3	775694
347	297	169	17	631	0	0	FULL	3	642194
493	393	90	17	724	0	0	FULL	2	834260
351	278	200	39	994	0	0	FULL	3	778556
498	287	137	1540	963	19	17	FULL	2	451397
347	252	189	16	731	19	20	FULL	2	200947
459	293	93	12	250	0	0	FULL	2	842911
343	203	179	12	250	0	0	FULL	2	463781
356	274	139	2376	419	9	6	FULL	2	179234
367	191	178	12	1135	13	13	FULL	5	681080
268	175	288	1903	942	21	18	FULL	1	137262
321	204	251	3580	418	22	15	FULL	3	720503
383	271	179	1406	274	0	0	FULL	2	214322
374	294	169	37	638	8	13	FULL	2	831771
339	304	130	0	719	0	0	FULL	2	927406
467	386	111	2120	432	0	0	FULL	2	682417
280	177	253	2162	621	0	0	FULL	1	135553
391	345	100	1282	925	27	27	FULL	3	99700
387	305	165	39	348	27	34	ALL_EDGES	1	596898
582	424	81	20	945	10	11	FULL	3	621811
395	318	123	15	250	0	0	ALL_EDGES	2	550981
324	244	158	12	483	0	0	FULL	2	612956
314	237	181	13	301	14	8	FULL	1	364930
342	221	178	0	250	37	41	FULL	2	413813
344	252	167	3987	442	14	12	FULL	1	657986
281	209	248	14	286	17	15	FULL	2	526158
284	239	184	0	488	43	43	FULL	2	359085
338	239	193	6014	250	18	18	FULL	1	781072
339	278	186	17	648	9	7	ALL_EDGES	4	540555
312	230	258	0	691	10	10	ALL_EDGES	7	907615
407	201	227	1295	380	13	17	FULL	1	416804
247	184	273	25	250	0	0	FULL	2	172934
259	194	268	13	627	12	12	FULL	1	532714
285	227	302	0	371	0	0	FULL	1	425494
294	243	217	3751	370	32	32	FULL	3	465497
240	157	333	12	465	14	14	FULL	1	42227
401	261	186	19	642	0	0	ALL_EDGES	1	981000
303	260	221	0	250	0	0	FULL	1	213446
305	217	295	19	250	8	17	FULL	2	869059
302	251	205	15	718	29	29	ALL_EDGES	1	33989
488	327	116	7511	250	25	25	ALL_EDGES	1	197444
385	271	158	16	851	24	26	ALL_EDGES	1	920189
341	246	174	14	478	0	0	FULL	1	616350
544	260	88	0	613	20	21	FULL	2	883354
426	326	90	12	342	19	21	FULL	2	818635
428	317	137	0	513	15	16	FULL	3	771828
289	201	233	6048	848	0	0	FULL	2	981776
486	342	93	31	465	0	0	FULL	1	986764
374	290	133	0	460	0	0	FULL	2	314357
348	240	174	0	699	9	10	FULL	3	776399
259	182	286	13	419	0	0	ALL_EDGES	3	688638
387	303	132	15	319	33	34	FULL	1	875961
346	163	255	0	457	0	0	FULL	1	521647
378	330	140	1400	428	13	15	FULL	5	858016
396	264	187	39	250	0	0	FULL	1	758387
405	215	166	29	250	0	0	FULL	2	141342
406	340	145	20	250	13	10	FULL	1	487873
353	248	154	4266	748	0	0	FULL	2	665052
344	207	189	13	250	19	16	ALL_EDGES	1	30141
368	229	148	12	310	0	0	FULL	2	17140
285	205	230	0	661	10	11	FULL	3	4790
297	198	332	39	426	18	25	FULL	4	690541
393	217	194	1617	1066	24	23	FULL	2	741803
229	149	393	1269	553	8	13	FULL	2	680127
389	233	171	31	340	0	0	FULL	3	916284
357	251	162	855	1503	19	18	FULL	1	777040
234	196	273	25	1005	17	18	FULL	1	471716
350	223	186	3697	558	12	14	FULL	7	223991
308	203	200	25	838	26	22	FULL	2	838605
382	278	146	15	328	0	0	FULL	1	803702
276	210	267	4913	995	10	13	FULL	3	608993
388	265	189	19	578	0	0	FULL	1	36740
411	298	126	3782	250	0	0	FULL	1	677715
388	234	171	15	695	0	0	FULL	2	233001
438	280	127	31	655	9	9	FULL	2	947868
318	203	240	7533	978	0	0	FULL	3	925264
306	191	265	682	471	19	17	FULL	4	62428
434	289	107	13	576	0	0	FULL	1	477169
420	307	127	8860	1242	0	0	FULL	3	866525
388	340	110	14	250	0	0	FULL	3	928682
319	253	248	3640	1109	19	21	FULL	1	580718
366	313	135	1472	1193	0	0	FULL	3	456967
419	244	152	15	253	17	12	FULL	3	646243
326	292	152	0	250	0	0	FULL	1	57781
404	256	131	5076	781	0	0	FULL	4	626644
325	274	175	15	850	18	16	FULL	1	438784
350	269	175	16	1278	0	0	FULL	1	496008
342	214	172	12	469	19	20	FULL	1	418764
392	182	175	12	250	0	0	FULL	3	679723
331	290	130	12	580	18	16	FULL	3	906530
466	254	131	0	483	0	0	FULL	2	298768
261	189	292	14	602	0	0	FULL	3	554323
395	251	177	3657	972	0	0	FULL	1	620767
347	257	174	10028	2000	12	12	FULL	3	603596
340	271	157	14	1291	20	18	FULL	1	612914
311	208	209	13	544	15	17	FULL	2	642528
436	267	133	3115	467	0	0	FULL	1	122209
311	208	238	0	704	27	29	FULL	2	113277
437	338	105	15	285	40	47	FULL	1	361301
285	193	338	18	250	21	25	FULL	1	509647
530	411	76	16	626	33	38	ALL_EDGES	2	481379
333	303	144	0	550	0	0	FULL	1	872422
340	233	184	957	1396	0	0	FULL	3	270739
400	219	178	4665	316	18	17	FULL	2	265581
303	234	176	12	436	23	20	FULL	1	470627
344	284	189	18	458	0	0	FULL	3	823439
316	239	166	0	250	0	0	FULL	4	985252
325	269	177	0	407	0	0	FULL	1	722649
273	183	250	12	484	0	0	ALL_EDGES	3	935732
