250	169	271	425	404	0	0	ALL_EDGES	3	237529
272	181	245	12	941	0	0	FULL	1	288771
163	132	210	4	400	21	22	FULL	3	204822
290	211	172	10	805	32	34	FULL	4	817148
225	123	126	7	250	0	0	FULL	3	570176
264	179	242	11	556	35	36	FULL	3	531545
255	166	130	5	634	19	23	FULL	2	292528
319	200	181	1483	575	0	0	FULL	1	273248
274	244	127	8	595	0	0	FULL	2	175118
321	209	126	8	888	0	0	ALL_EDGES	2	170668
370	254	112	0	509	0	0	FULL	1	429704
351	183	132	8	616	28	29	FULL	3	111781
360	218	108	8	486	0	0	FULL	1	967855
292	229	172	11	250	0	0	FULL	4	384602
195	187	235	8	250	35	36	ALL_EDGES	2	8452
335	222	114	0	1401	0	0	FULL	2	290382
266	173	98	0	250	9	10	ALL_EDGES	4	552153
262	244	163	21	351	40	35	ALL_EDGES	2	648679
398	259	112	0	1404	0	0	FULL	3	951968
280	164	207	9	645	0	0	FULL	1	749419
256	184	222	0	501	6	13	ALL_EDGES	2	864584
361	278	85	1283	1024	27	28	ALL_EDGES	3	108515
223	188	179	7	959	0	0	FULL	1	337078
272	159	219	19	773	0	0	FULL	4	766298
377	272	112	0	250	0	0	FULL	1	70026
260	145	173	0	680	10	12	FULL	1	120953
284	179	188	0	375	22	24	FULL	3	317215
241	158	196	7	508	23	33	FULL	2	426100
394	310	86	0	829	0	0	FULL	4	526431
386	283	96	1197	250	0	0	FULL	6	519602
178	109	234	0	1932	26	33	FULL	4	397135
315	249	108	977	339	0	0	FULL	1	58393
347	342	97	1460	250	0	0	FULL	2	693997
241	192	120	550	477	7	12	FULL	2	507706
225	153	189	6	519	0	0	FULL	2	461805
304	269	141	23	250	30	30	FULL	1	971803
282	170	178	0	346	0	0	FULL	1	545420
349	252	131	11	606	18	20	FULL	1	128954
246	185	209	9	1080	9	3	FULL	1	727666
259	201	201	0	366	34	30	FULL	4	355862
256	169	127	0	456	0	0	FULL	1	509884
409	194	132	0	550	9	16	FULL	1	229485
321	174	151	2567	250	3	6	FULL	1	383425
322	238	150	11	367	33	39	FULL	2	643813
259	255	144	399	870	28	29	FULL	1	82518
346	215	127	9	250	0	0	FULL	3	31556
433	274	89	10	1345	0	0	ALL_EDGES	6	217559
212	196	156	6	345	0	0	FULL	1	880427
252	181	121	2062	543	0	0	FULL	2	720348
391	192	154	11	293	6	4	FULL	4	613751
323	295	89	841	538	0	0	FULL	1	93224
227	153	130	2367	1464	0	0	FULL	1	698268
230	159	123	0	250	20	21	CORNERS	1	409955
309	262	142	11	607	15	13	FULL	2	122798
245	188	261	12	838	0	0	FULL	3	871004
333	285	121	11	1216	0	0	FULL	2	767528
359	239	135	0	1095	0	0	FULL	1	576887
309	201	194	12	882	17	26	FULL	2	324607
269	212	201	1805	548	12	11	FULL	3	84260
277	203	134	7	326	18	17	FULL	1	763653
337	217	103	7	1497	12	15	FULL	1	714966
305	239	158	11	525	30	32	FULL	2	592292
366	194	120	654	418	0	0	FULL	1	957125
256	209	103	2073	250	0	0	ALL_EDGES	6	923561
401	313	68	8	1158	5	5	FULL	3	741869
297	184	173	9	483	17	13	FULL	1	677506
356	193	109	7	323	24	16	FULL	1	705319
238	173	133	5	746	0	0	FULL	1	963325
342	182	136	0	250	0	0	FULL	1	354403
236	177	277	2047	1085	8	9	FULL	2	919882
217	147	236	0	812	0	0	ALL_EDGES	1	273967
294	184	139	1590	513	13	8	FULL	3	693210
278	201	152	0	662	9	12	FULL	2	236624
297	186	172	1358	990	23	19	FULL	2	635288
236	202	137	0	250	17	17	FULL	1	540197
257	200	224	11	689	23	20	FULL	2	513058
255	200	128	6	594	0	0	FULL	2	995740
317	174	171	0	717	12	14	FULL	1	239255
372	182	110	210	517	1	5	FULL	1	268327
352	202	119	697	529	17	16	FULL	1	576258
276	177	113	5	514	32	32	FULL	2	533548
260	150	242	9	579	0	0	FULL	2	591052
344	215	156	11	1348	11	14	FULL	1	969003
352	204	132	9	765	16	17	FULL	4	84905
297	215	180	2829	250	17	20	FULL	1	193821
305	236	131	9	580	0	0	FULL	2	308778
303	215	146	9	417	0	0	FULL	2	114229
290	158	186	8	785	32	34	FULL	5	165511
286	217	105	0	496	0	0	FULL	2	52897
274	189	163	1198	515	12	3	FULL	2	128227
232	170	88	7	250	0	0	FULL	2	167916
328	205	127	17	250	19	24	FULL	3	638635
316	235	128	9	948	0	0	FULL	2	132125
245	168	292	24	250	6	8	FULL	1	318153
275	156	174	937	437	14	19	FULL	1	473466
218	194	202	3519	250	18	23	FULL	2	873699
284	190	102	1336	363	27	29	FULL	2	370701
282	191	158	1411	250	21	24	FULL	5	197316
263	273	119	8	470	0	0	ALL_EDGES	1	199541
239	177	177	0	776	34	30	FULL	1	124179
234	121	299	510	378	0	0	FULL	4	269394
243	145	240	544	566	33	31	FULL	1	514928
374	209	134	1732	613	9	10	FULL	4	234661
442	247	105	2725	905	21	20	FULL	1	981560
277	166	206	2223	1262	31	30	FULL	1	918365
303	194	180	0	370	0	0	FULL	3	618518
327	180	144	2023	314	15	20	FULL	1	210945
330	258	135	11	1135	19	23	FULL	1	158844
221	172	225	2235	335	0	0	FULL	1	211895
281	228	133	2269	311	0	0	FULL	1	95301
408	233	111	10	408	32	25	FULL	2	62989
257	182	139	6	1003	18	22	FULL	2	931752
289	182	218	2185	1178	0	0	FULL	3	296597
387	263	113	0	635	7	8	FULL	1	230761
257	205	162	595	787	25	21	ALL_EDGES	1	397492
212	142	148	4	662	0	0	FULL	2	554220
253	175	215	0	321	28	30	FULL	2	144446
257	177	77	3	250	0	0	FULL	1	967834
252	199	230	23	437	22	26	FULL	1	618392
218	188	183	7	585	0	0	FULL	1	584470
354	194	175	12	250	0	0	FULL	3	471882
274	176	113	5	250	7	7	ALL_EDGES	1	423965
344	215	115	17	527	17	20	FULL	1	185803
313	209	161	0	1470	17	15	FULL	2	587681
325	130	225	9	796	0	0	FULL	2	434982
297	202	125	15	494	0	0	FULL	1	4356
240	189	166	7	1339	0	0	FULL	1	83858
307	213	130	2176	965	21	28	FULL	2	650069
241	213	185	1187	582	10	8	FULL	4	930988
283	222	136	8	262	18	20	FULL	1	392776
284	218	137	8	250	9	4	FULL	3	592937
375	242	116	10	250	0	0	ALL_EDGES	2	195365
265	194	107	5	443	0	0	FULL	2	341672
283	169	156	7	407	0	0	FULL	1	859115
260	224	95	11	327	23	22	FULL	2	289833
315	174	138	7	250	0	0	FULL	2	617330
260	205	177	9	250	29	37	ALL_EDGES	2	86847
283	179	89	4	301	0	0	FULL	4	512617
316	270	134	1368	475	15	14	FULL	3	898381
348	203	163	0	250	0	0	ALL_EDGES	2	514979
345	161	207	5014	947	0	0	FULL	1	230349
236	142	135	0	669	0	0	FULL	2	474554
291	198	78	0	632	0	0	FULL	4	632377
190	131	180	108	250	24	24	FULL	1	900821
260	197	166	8	250	43	43	FULL	5	39658
311	185	112	6	250	0	0	FULL	3	826081
340	248	113	2432	1193	0	0	FULL	2	227026
226	186	201	0	730	17	22	FULL	4	473981
246	188	163	690	433	11	7	FULL	6	963067
410	293	88	10	418	18	21	ALL_EDGES	2	505337
263	198	219	11	682	36	38	ALL_EDGES	1	921877
369	280	101	10	250	17	14	FULL	1	783989
287	161	162	1425	552	14	13	FULL	1	461982
269	178	178	8	1025	11	10	FULL	2	975239
254	191	175	8	570	22	19	FULL	1	760803
228	172	216	8	432	0	0	FULL	2	467394
249	183	165	0	250	0	0	FULL	4	481350
262	177	204	2850	451	0	0	FULL	3	72742
382	224	111	9	449	0	0	FULL	2	537792
257	170	172	2137	606	18	18	FULL	6	686080
176	111	332	6	997	0	0	FULL	1	921693
223	184	207	3077	368	0	0	FULL	1	797851
211	134	298	8	441	0	0	FULL	1	579097
281	150	130	5	507	23	25	FULL	3	218194
312	142	192	17	1115	0	0	FULL	1	936332
270	175	243	11	250	14	15	FULL	1	847882
189	151	229	6	399	20	24	FULL	9	382209
269	190	107	214	1912	0	0	FULL	1	363633
222	145	140	4	915	0	0	ALL_EDGES	1	509953
250	155	194	7	284	23	19	FULL	1	778250
242	179	197	2184	1105	25	28	FULL	1	852786
292	231	111	1485	348	0	0	FULL	3	733994
221	139	310	9	250	0	0	FULL	3	325230
254	184	183	8	678	0	0	FULL	1	594774
230	145	165	709	604	25	25	FULL	1	855450
188	122	197	9	410	39	46	FULL	3	189670
321	166	179	0	1166	16	25	FULL	3	879053
252	200	168	8	344	25	31	FULL	2	514296
253	194	173	8	787	23	22	FULL	3	849580
288	138	213	0	250	16	22	FULL	3	761203
241	165	163	0	348	0	0	FULL	2	181299
343	289	106	21	1453	36	40	FULL	2	790998
286	188	102	5	1265	13	11	FULL	2	403845
270	189	206	10	824	22	22	FULL	1	577665
253	181	98	0	387	15	19	FULL	1	195873
297	193	201	2955	403	26	24	ALL_EDGES	2	371540
326	219	161	11	250	0	0	FULL	1	162491
291	198	130	7	316	0	0	FULL	3	281646
294	225	181	12	923	0	0	FULL	1	521652
303	205	184	0	604	28	33	FULL	2	715128
304	183	99	5	856	0	0	FULL	2	146031
308	172	226	12	250	20	25	FULL	1	684486
297	199	161	0	779	0	0	CORNERS	1	730497
255	180	98	4	617	0	0	FULL	1	368637
324	230	154	11	1141	0	0	FULL	2	712923
233	150	214	7	1022	0	0	ALL_EDGES	2	382196
241	166	138	0	436	4	5	FULL	1	114401
282	155	80	3	674	0	0	FULL	1	599136
348	225	147	0	366	24	29	FULL	1	805130
304	233	120	8	391	0	0	ALL_EDGES	1	889231
360	206	101	7	695	0	0	CORNERS	1	489188
251	93	193	4	513	33	32	FULL	1	192684
264	209	153	8	1905	0	0	FULL	1	705368
226	156	128	661	544	9	12	FULL	1	608431
335	285	89	8	364	0	0	FULL	1	266826
283	175	212	10	685	13	11	FULL	3	17522
392	196	150	11	774	0	0	FULL	2	655861
209	128	427	11	499	19	20	FULL	1	643798
315	205	147	3334	470	17	21	FULL	3	338910
252	148	310	0	756	0	0	FULL	2	963676
397	198	147	0	250	24	32	FULL	3	215909
248	156	193	2940	375	13	19	FULL	4	843734
528	222	98	3185	275	19	20	FULL	6	485568
204	123	179	0	385	26	29	FULL	2	922162
389	272	108	632	1503	43	45	FULL	3	975336
306	201	186	11	250	0	0	FULL	1	641815
304	213	162	10	453	0	0	FULL	1	448946
376	164	122	7	1058	0	0	FULL	1	295911
332	166	154	3799	1220	0	0	FULL	1	485750
307	214	160	3654	406	0	0	FULL	3	850519
288	173	211	10	250	0	0	FULL	5	815000
244	155	225	425	1373	23	22	FULL	3	64732
295	193	131	7	499	0	0	FULL	2	208541
279	254	162	2748	1126	0	0	FULL	4	122072
227	157	267	2907	308	0	0	FULL	2	158178
263	196	126	1410	250	12	13	FULL	1	18492
275	210	199	0	591	29	30	FULL	2	846055
262	168	216	0	250	0	0	FULL	4	797677
247	173	198	8	250	0	0	FULL	4	675772
244	202	172	8	864	13	19	FULL	1	39494
166	157	289	7	435	0	0	FULL	3	713894
312	215	171	2334	662	0	0	FULL	3	800835
360	209	153	1736	280	39	44	FULL	2	770694
266	172	252	11	739	0	0	FULL	5	65232
292	237	123	8	250	8	13	FULL	1	352805
344	311	98	10	1029	21	23	FULL	7	776001
395	275	78	0	250	0	0	FULL	2	158308
295	203	191	11	632	0	0	FULL	2	764752
228	148	222	7	511	0	0	FULL	1	664483
365	199	159	1311	807	32	32	ALL_EDGES	4	446088
248	167	108	0	324	0	0	FULL	2	534013
194	128	222	0	250	0	0	FULL	4	576075
263	167	172	0	1132	0	0	FULL	2	703453
269	205	154	1861	791	0	0	FULL	1	872584
467	197	125	3806	952	40	44	FULL	4	433232
339	213	159	23	430	29	27	FULL	5	395734
220	146	140	0	737	0	0	FULL	1	998140
343	218	127	627	1016	0	0	FULL	4	213403
304	239	116	0	550	0	0	FULL	4	165919
230	161	202	0	954	18	14	ALL_EDGES	3	453454
218	171	148	451	788	15	17	FULL	1	34599
313	168	104	5	250	29	22	FULL	1	296846
280	185	145	7	264	0	0	FULL	1	906097
455	244	108	0	294	0	0	FULL	2	601077
398	252	115	11	524	4	11	FULL	1	868915
300	211	181	0	730	17	24	FULL	2	801567
255	178	253	0	401	0	0	ALL_EDGES	3	376408
184	112	216	4	425	0	0	FULL	1	638302
320	166	159	994	619	24	28	FULL	2	221123
279	180	169	8	250	0	0	FULL	2	726127
255	140	237	8	485	0	0	FULL	9	456772
231	140	294	3733	385	1	9	FULL	1	917426
352	160	186	1428	367	11	10	ALL_EDGES	5	8531
257	198	167	0	500	0	0	FULL	3	728646
215	150	140	238	335	0	0	FULL	2	299686
301	223	82	847	799	28	31	FULL	1	936024
214	159	191	0	599	25	33	FULL	2	998976
326	210	95	6	250	0	0	FULL	1	242480
200	159	141	1543	393	12	11	FULL	1	865965
273	228	153	684	250	17	23	ALL_EDGES	2	328787
247	205	187	2384	365	32	34	FULL	3	337379
250	207	165	1496	437	0	0	FULL	1	524252
257	175	123	5	729	0	0	ALL_EDGES	2	769193
318	187	177	10	250	10	11	FULL	1	301550
330	228	153	11	356	0	0	FULL	1	564986
247	193	94	238	250	6	1	FULL	1	579090
309	176	193	10	482	0	0	FULL	1	140494
391	220	111	1358	447	26	30	FULL	1	217605
254	253	116	1815	250	0	0	FULL	1	400619
341	261	107	0	1835	15	17	FULL	5	800239
212	147	241	0	354	23	22	FULL	1	650793
298	210	136	0	404	21	22	FULL	2	437097
275	170	161	0	266	0	0	FULL	6	496824
361	164	194	23	457	0	0	FULL	3	309093
307	189	182	10	671	0	0	FULL	2	270145
255	237	141	8	481	29	33	FULL	1	777192
222	170	225	8	306	22	19	ALL_EDGES	2	501805
231	168	297	11	255	0	0	FULL	3	998419
263	201	161	0	250	0	0	ALL_EDGES	2	441686
256	216	209	2633	1152	7	10	FULL	1	645394
332	232	149	11	1306	15	17	FULL	2	616701
325	209	170	11	954	0	0	FULL	3	563197
258	164	248	0	279	0	0	ALL_EDGES	2	75149
332	293	87	17	376	0	0	FULL	2	54239
243	187	99	1125	250	0	0	FULL	1	852914
327	167	137	7	250	0	0	FULL	2	364109
202	148	250	7	872	0	0	FULL	1	86982
289	196	203	11	437	0	0	FULL	2	541594
269	165	236	1438	1042	0	0	FULL	2	991213
234	140	262	8	887	14	13	FULL	2	685817
257	227	147	17	508	16	22	FULL	2	618023
288	200	96	16	257	21	23	FULL	2	240844
454	214	118	11	512	0	0	ALL_EDGES	4	321041
277	218	191	724	250	13	12	FULL	1	794515
251	156	141	759	387	18	15	FULL	2	778223
273	191	125	1917	1187	0	0	FULL	1	229901
273	249	124	1980	408	19	21	FULL	3	527544
376	202	152	1299	473	0	0	FULL	4	841857
288	112	170	11	250	0	0	FULL	2	34141
214	213	165	7	867	0	0	FULL	1	45090
232	195	165	1140	1018	21	23	FULL	4	378743
310	250	110	17	472	29	32	FULL	4	417482
317	225	133	0	250	11	10	FULL	1	110288
212	122	136	304	650	0	0	FULL	1	100247
358	226	142	11	250	9	11	FULL	2	827645
303	204	89	2794	1391	0	0	FULL	1	289842
331	188	184	11	981	0	0	FULL	6	672949
271	195	161	0	506	0	0	FULL	2	510348
265	128	132	4	560	28	28	FULL	2	860575
280	218	122	7	427	13	15	FULL	2	393437
242	166	188	7	250	11	6	FULL	3	569063
286	215	122	7	385	0	0	FULL	1	415004
303	200	174	1627	554	0	0	FULL	5	169903
317	251	144	3220	446	0	0	FULL	3	458640
325	155	169	8	363	0	0	FULL	1	837434
259	194	190	2536	493	25	23	FULL	1	94429
347	282	118	11	250	8	11	ALL_EDGES	4	641886
383	195	128	19	689	0	0	FULL	5	186978
283	165	117	836	582	19	19	FULL	1	150519
273	207	203	11	558	0	0	FULL	3	823775
284	219	169	10	504	29	30	ALL_EDGES	1	52650
308	195	142	8	822	8	12	FULL	1	536695
328	163	216	1449	403	0	0	FULL	2	24584
257	160	182	0	805	22	21	FULL	6	891662
276	160	238	10	562	0	0	FULL	1	455166
304	292	129	11	567	0	0	FULL	1	218258
231	148	102	437	1492	28	32	FULL	1	535615
268	190	225	23	648	18	19	FULL	6	988073
398	137	174	9	467	0	0	FULL	4	121975
315	188	177	0	453	0	0	ALL_EDGES	1	396035
264	180	158	0	794	0	0	ALL_EDGES	1	15582
226	155	157	11	1003	0	0	FULL	1	15114
368	232	135	2426	439	0	0	FULL	3	632309
353	205	117	2235	317	6	4	FULL	3	326587
192	159	115	3	658	0	0	FULL	2	722299
342	199	169	11	327	0	0	FULL	5	732395
309	228	163	2357	550	24	23	FULL	1	875302
208	125	173	9	460	0	0	FULL	2	880316
293	148	196	0	250	0	0	FULL	5	165253
220	183	86	3	1126	0	0	FULL	1	226848
199	175	100	3	578	25	25	FULL	2	513581
402	214	99	8	250	8	7	FULL	2	704457
216	217	96	9	250	0	0	FULL	2	71308
402	299	96	0	423	32	30	FULL	3	993877
395	203	143	11	250	37	42	ALL_EDGES	1	27882
293	240	120	8	487	0	0	FULL	1	328552
336	271	126	23	1032	0	0	FULL	3	748687
322	290	123	1667	853	13	17	FULL	2	788844
354	237	102	8	508	0	0	FULL	2	820689
375	236	130	954	515	0	0	FULL	8	154523
335	190	118	7	1068	0	0	FULL	2	709244
286	159	187	0	250	26	22	FULL	1	939151
291	193	186	0	360	15	16	FULL	5	679881
283	173	213	21	348	0	0	FULL	1	30335
250	144	237	8	720	0	0	FULL	1	18311
336	245	115	9	251	7	4	FULL	2	895660
214	113	352	17	721	31	35	FULL	2	636709
257	212	156	8	813	0	0	FULL	3	242122
325	221	118	1751	616	21	27	ALL_EDGES	3	757768
278	217	140	2907	265	0	0	FULL	5	559578
234	137	141	4	483	0	0	FULL	1	685973
219	158	131	0	661	0	0	FULL	1	711848
280	181	168	8	984	0	0	ALL_EDGES	1	75430
325	196	134	8	250	40	36	FULL	1	303369
315	227	133	2926	250	19	21	FULL	2	447352
330	233	150	11	416	0	0	FULL	3	21257
256	171	172	937	496	0	0	FULL	3	12832
394	321	67	0	806	13	13	FULL	4	88946
194	147	193	555	250	0	0	ALL_EDGES	2	299882
195	147	158	4	250	21	22	FULL	1	296727
272	205	117	1033	688	19	23	FULL	4	937237
247	154	145	1254	1723	26	25	FULL	1	374979
345	227	109	2065	250	0	0	ALL_EDGES	2	40255
321	218	165	3254	776	5	5	FULL	2	905951
332	266	119	0	774	0	0	FULL	1	166009
247	168	108	1867	456	23	18	FULL	2	627486
369	276	83	0	250	0	0	FULL	1	595214
285	147	108	918	467	11	12	FULL	1	622385
375	287	107	1679	632	6	14	FULL	2	56896
323	208	112	7	1082	6	9	FULL	1	300067
286	237	140	627	1110	7	13	FULL	1	501244
341	248	89	1267	250	32	37	FULL	1	20267
251	171	128	5	421	0	0	FULL	2	355684
184	106	181	3	250	0	0	ALL_EDGES	2	657042
300	257	150	770	670	0	0	FULL	1	598953
320	259	90	0	465	14	15	FULL	2	826943
320	253	118	9	447	0	0	FULL	4	721142
323	191	122	0	342	0	0	FULL	2	219177
188	140	287	7	250	11	12	FULL	2	889118
300	241	118	697	1534	0	0	FULL	1	856261
286	176	169	8	334	4	7	FULL	3	305166
297	238	107	7	541	0	0	FULL	2	52349
335	282	69	6	319	32	32	FULL	1	443732
332	212	135	2774	250	0	0	FULL	1	885211
240	184	102	1521	512	0	0	FULL	2	5283
310	187	147	8	973	0	0	FULL	2	157540
403	322	81	10	250	9	12	FULL	2	465630
264	191	229	4416	1044	19	15	FULL	2	649336
301	207	137	17	788	26	25	FULL	4	680261
273	227	138	8	250	0	0	FULL	5	388429
416	343	81	2162	363	8	11	FULL	2	676103
270	155	131	5	714	0	0	FULL	2	645536
251	162	183	1755	973	30	23	FULL	1	722659
247	195	240	11	261	0	0	FULL	5	780575
289	198	131	0	250	0	0	FULL	1	559102
362	218	107	0	580	17	19	FULL	2	679350
294	230	110	7	342	19	23	FULL	1	353765
342	244	126	819	753	32	36	FULL	2	676602
253	161	282	0	427	0	0	FULL	1	402556
257	209	140	1282	1075	22	20	FULL	2	901389
182	133	188	679	551	0	0	FULL	1	801361
263	171	255	11	987	19	19	FULL	1	103989
320	263	89	2167	250	0	0	FULL	3	684934
338	209	107	7	250	38	41	FULL	1	4878
349	307	107	2369	250	7	3	FULL	1	599871
206	173	211	0	465	0	0	FULL	2	983912
271	150	111	0	1232	8	7	FULL	2	429353
270	196	85	900	1141	0	0	FULL	1	952727
329	229	113	2184	815	0	0	FULL	3	474751
222	161	126	0	324	0	0	ALL_EDGES	3	678789
354	290	112	11	428	0	0	FULL	1	131543
372	202	139	31	527	0	0	ALL_EDGES	1	175829
255	219	207	1909	575	0	0	FULL	1	994055
380	256	118	3818	250	0	0	FULL	1	453353
316	219	167	0	704	40	34	FULL	1	728073
236	175	291	600	342	0	0	FULL	1	58530
283	199	186	10	250	10	10	FULL	1	119136
274	222	124	907	637	0	0	FULL	1	243593
256	197	210	10	275	0	0	ALL_EDGES	1	119224
334	193	179	11	250	25	24	FULL	4	410864
231	153	212	15	414	23	21	FULL	1	83222
303	259	147	11	405	0	0	ALL_EDGES	1	481435
262	178	205	9	579	0	0	ALL_EDGES	3	457996
300	250	113	884	966	41	47	FULL	3	25265
412	298	93	11	566	0	0	FULL	1	72876
288	204	127	7	250	4	7	FULL	2	330804
297	225	82	847	355	0	0	ALL_EDGES	2	350228
265	185	153	2730	952	0	0	FULL	1	672130
305	179	174	19	615	15	12	FULL	7	402687
224	185	181	0	1121	1	11	FULL	6	648334
290	241	107	15	387	19	20	FULL	4	823191
274	169	161	1095	250	14	18	FULL	1	147250
276	159	148	897	1274	0	0	FULL	1	505698
252	151	118	4	682	0	0	FULL	1	500585
289	220	71	4	250	14	21	FULL	2	860486
306	187	166	5396	913	0	0	FULL	1	136286
248	199	173	2329	475	22	22	FULL	10	631332
226	168	197	0	424	0	0	FULL	1	806452
313	238	141	924	250	0	0	FULL	1	193491
266	178	244	0	516	22	21	FULL	3	863692
205	147	148	810	292	21	20	FULL	1	799140
261	157	134	814	519	11	10	ALL_EDGES	2	262813
246	161	190	0	269	0	0	FULL	2	732048
372	246	104	0	298	18	23	FULL	5	359730
203	154	175	951	390	0	0	FULL	1	539807
264	259	125	0	250	0	0	FULL	2	532719
232	209	175	0	250	23	27	ALL_EDGES	1	91920
260	193	110	1017	718	0	0	FULL	2	200715
335	243	105	8	689	0	0	FULL	2	342381
292	218	134	0	250	22	22	FULL	9	923679
290	273	145	0	490	18	17	FULL	6	715841
306	226	123	17	343	0	0	ALL_EDGES	1	897365
300	232	136	0	450	0	0	FULL	3	217987
289	182	142	1597	606	32	30	FULL	1	851890
245	143	243	0	470	0	0	FULL	3	456883
218	140	248	0	704	0	0	FULL	2	276813
372	254	121	1092	340	0	0	FULL	2	300041
298	215	118	7	496	0	0	FULL	1	881940
247	154	224	1309	1183	0	0	FULL	1	486798
406	227	125	11	660	30	27	FULL	5	706262
318	205	183	2040	624	29	35	FULL	7	322694
345	231	145	2139	439	29	35	FULL	1	519523
245	174	245	10	459	0	0	FULL	1	164095
329	228	153	0	250	16	18	FULL	1	871941
360	289	81	8	557	22	22	FULL	4	635878
206	187	168	6	720	0	0	FULL	2	126720
281	183	166	8	456	0	0	FULL	3	556861
228	176	213	8	570	5	2	FULL	4	891219
319	235	140	10	250	7	8	ALL_EDGES	1	883746
284	215	188	0	250	0	0	FULL	1	893613
218	180	115	540	605	0	0	FULL	3	974
223	144	234	772	250	13	15	FULL	2	936420
294	170	190	9	362	0	0	FULL	6	241074
286	177	206	0	305	18	22	FULL	5	27496
332	201	158	10	1199	0	0	FULL	2	196069
307	205	135	8	276	0	0	FULL	2	920594
212	193	207	8	842	0	0	FULL	1	913677
299	195	147	8	644	0	0	FULL	2	407007
339	236	94	7	538	0	0	ALL_EDGES	1	86496
279	187	67	3	469	0	0	FULL	4	385688
291	197	201	0	250	28	30	FULL	2	577494
359	304	69	7	516	6	11	FULL	2	364290
320	155	192	9	697	0	0	FULL	1	236733
325	177	182	735	636	0	0	FULL	2	346967
290	191	154	0	643	0	0	FULL	3	635177
249	168	108	4	508	0	0	FULL	1	724174
328	279	126	0	250	0	0	FULL	1	862856
163	151	182	823	309	13	14	FULL	5	324856
388	264	117	3312	250	7	9	FULL	2	940878
273	206	116	1501	250	0	0	FULL	2	526499
333	232	156	24	348	0	0	FULL	2	650128
271	269	158	11	428	0	0	FULL	3	985683
279	217	125	772	468	22	25	FULL	1	990737
290	150	219	9	1115	0	0	FULL	1	867202
305	244	101	0	464	13	19	FULL	1	458046
379	212	56	0	579	30	25	ALL_EDGES	5	995174
248	200	193	798	448	28	26	FULL	1	61752
244	165	161	715	250	0	0	FULL	2	33531
298	176	230	3948	403	0	0	FULL	3	109142
472	373	66	2369	250	0	0	FULL	1	453118
372	224	114	9	250	20	17	FULL	1	566202
295	192	115	0	531	0	0	ALL_EDGES	1	854219
333	180	158	19	554	18	21	FULL	6	367952
255	213	138	2355	284	15	11	FULL	9	256521
252	192	114	5	682	38	38	FULL	5	999891
254	192	236	11	295	17	21	FULL	4	805599
343	228	121	0	312	0	0	FULL	1	535076
277	216	177	10	690	0	0	FULL	5	422044
161	117	238	9	433	33	32	FULL	2	978173
354	197	165	4646	655	43	47	FULL	1	342238
305	248	139	21	250	0	0	FULL	1	250694
354	238	113	2793	461	0	0	FULL	3	635691
198	178	272	9	452	10	9	FULL	2	924171
312	151	180	0	820	28	33	FULL	1	464728
253	176	235	10	752	23	26	ALL_EDGES	1	843623
387	217	101	8	933	0	0	FULL	3	566521
255	240	106	370	1078	0	0	FULL	3	641130
239	148	239	0	625	25	25	FULL	4	886948
369	239	97	0	509	0	0	FULL	1	761669
240	165	113	4	312	7	11	FULL	2	608532
363	257	102	0	604	21	18	FULL	2	847933
412	207	100	17	250	0	0	FULL	3	118117
291	161	203	0	793	31	35	ALL_EDGES	3	834380
265	188	170	1717	328	23	25	FULL	6	353962
298	190	151	8	338	19	22	FULL	3	798288
274	186	147	960	1007	25	20	FULL	2	262995
230	129	284	8	575	0	0	FULL	1	384301
260	174	144	0	750	0	0	FULL	2	316425
359	194	151	10	633	0	0	FULL	2	413747
290	258	113	25	250	0	0	FULL	2	33612
260	178	162	0	686	1	2	FULL	2	622990
229	168	219	0	250	30	26	FULL	2	43571
305	220	141	9	647	0	0	ALL_EDGES	2	814826
326	176	131	0	468	11	14	FULL	1	578965
284	160	166	630	757	0	0	FULL	1	199348
364	249	127	11	498	11	15	FULL	3	684624
323	243	146	3668	735	0	0	ALL_EDGES	1	930755
300	152	121	0	873	16	13	FULL	1	880197
311	240	114	3663	632	0	0	ALL_EDGES	1	461281
397	267	99	2362	1440	0	0	ALL_EDGES	2	841463
301	160	217	10	250	0	0	FULL	1	78847
245	168	85	0	250	0	0	ALL_EDGES	7	458458
254	220	207	11	250	0	0	FULL	3	339313
311	186	113	1332	1229	35	35	FULL	1	62368
277	149	278	0	417	15	19	FULL	2	432103
292	143	229	1786	425	0	0	FULL	3	196665
276	182	90	0	425	6	5	FULL	1	339700
276	186	185	2080	559	0	0	FULL	4	329672
250	242	140	8	405	10	11	ALL_EDGES	1	71171
302	236	162	0	331	0	0	FULL	4	16101
288	215	185	3967	789	10	16	FULL	2	401438
284	203	148	1640	725	0	0	FULL	1	421475
244	164	163	6	361	0	0	FULL	1	33817
233	130	216	6	917	0	0	FULL	3	506569
357	178	165	21	407	7	13	FULL	3	977470
263	216	79	958	420	0	0	FULL	3	215351
180	130	192	445	880	13	14	ALL_EDGES	1	699003
216	163	214	0	821	34	33	FULL	1	55749
342	273	80	577	899	12	9	FULL	3	31525
215	163	244	0	271	0	0	FULL	1	498212
209	179	121	324	1097	7	2	FULL	1	436331
271	230	137	8	537	3	1	FULL	2	381520
278	198	210	11	521	10	12	FULL	2	221873
289	138	237	9	640	32	37	FULL	2	216214
345	210	103	15	807	0	0	FULL	1	353344
245	146	265	1577	646	0	0	FULL	1	319784
282	208	144	8	250	0	0	FULL	1	442911
284	212	142	552	410	19	25	ALL_EDGES	4	668594
232	162	307	11	500	0	0	FULL	1	91714
252	175	102	1093	276	0	0	FULL	3	127042
339	213	146	21	425	13	11	FULL	2	156990
260	140	234	0	648	0	0	FULL	2	652551
339	238	142	0	1386	0	0	FULL	2	808827
445	143	180	11	529	0	0	FULL	4	951946
232	196	209	0	313	16	18	ALL_EDGES	3	342364
241	119	158	4	250	16	15	FULL	1	956585
266	171	121	5	530	0	0	FULL	1	580443
269	179	240	2771	302	0	0	FULL	3	17223
289	159	163	7	368	0	0	FULL	1	649675
263	182	157	15	694	0	0	ALL_EDGES	4	176269
395	200	145	1932	405	40	43	FULL	3	366235
298	236	150	21	287	33	29	FULL	2	42413
227	172	296	11	435	0	0	FULL	4	122172
317	243	110	1207	374	42	39	FULL	2	553099
335	233	122	9	494	22	24	FULL	2	122707
305	218	128	0	740	0	0	FULL	3	850146
380	344	118	0	272	0	0	FULL	1	139160
300	204	204	0	424	0	0	FULL	2	875651
405	227	212	3958	624	0	0	FULL	1	152364
338	240	192	15	705	27	20	FULL	3	125927
284	226	195	12	665	18	22	FULL	2	851073
308	231	189	0	890	13	17	FULL	1	378508
332	238	221	0	986	0	0	FULL	1	207414
360	260	208	58	609	0	0	FULL	4	351409
426	308	133	2030	398	24	27	FULL	4	267019
389	275	126	4293	543	16	15	FULL	2	678177
348	156	286	15	359	28	33	FULL	1	811820
344	248	146	0	698	7	12	FULL	2	860011
540	224	120	14	449	21	20	ALL_EDGES	2	827816
345	194	247	4092	1335	9	11	FULL	2	694012
403	213	228	0	1649	0	0	FULL	2	393664
398	239	163	15	664	0	0	FULL	1	875587
362	176	244	0	859	0	0	FULL	2	733672
298	229	183	12	487	0	0	FULL	3	252986
369	279	150	15	444	0	0	FULL	1	892412
432	262	172	19	873	14	11	FULL	3	68312
442	278	102	4162	250	0	0	ALL_EDGES	4	849492
361	163	230	13	440	0	0	FULL	6	108353
343	245	160	3807	1747	27	34	FULL	1	474495
381	292	166	18	250	5	6	FULL	1	612952
398	313	157	19	994	26	30	FULL	1	449735
305	147	280	2525	352	0	0	FULL	1	614260
462	216	125	2550	592	0	0	FULL	2	918372
305	249	257	19	515	0	0	CORNERS	1	398621
414	380	117	37	479	6	8	FULL	4	574918
349	253	186	16	690	0	0	ALL_EDGES	3	264837
384	204	199	2185	250	0	0	FULL	1	784002
407	291	165	19	968	0	0	FULL	1	209314
277	180	250	12	950	0	0	FULL	1	854363
358	230	189	15	385	7	11	FULL	1	49961
414	208	203	0	250	0	0	FULL	2	159048
370	342	146	18	250	37	39	FULL	7	525021
351	233	246	0	250	12	17	FULL	2	787024
377	230	226	19	382	17	13	FULL	4	656085
336	213	273	19	662	30	28	FULL	1	848246
498	309	127	0	250	0	0	FULL	2	83442
388	347	145	6552	632	0	0	FULL	1	653307
370	305	146	16	704	25	32	FULL	2	393366
325	259	148	12	367	0	0	ALL_EDGES	1	74559
347	268	155	14	250	9	9	ALL_EDGES	4	900943
327	242	196	0	250	0	0	FULL	3	395938
246	193	389	2127	272	23	21	FULL	2	504648
354	238	185	899	250	25	30	FULL	1	830197
463	343	123	4426	386	8	13	FULL	2	377099
285	223	196	12	540	37	43	FULL	2	978015
476	283	100	13	250	0	0	FULL	1	182
376	294	131	14	566	16	17	FULL	2	262466
338	278	207	19	522	0	0	FULL	2	575872
411	253	159	0	425	14	16	FULL	1	355858
240	234	241	1323	395	24	25	FULL	1	483495
314	249	223	0	315	0	0	FULL	2	756565
376	316	164	19	474	0	0	FULL	2	5961
408	300	118	14	726	0	0	FULL	3	317129
337	277	134	0	250	0	0	FULL	2	194812
342	231	158	925	1481	0	0	FULL	2	355836
349	268	209	2593	487	40	42	FULL	2	529240
399	308	142	6930	360	0	0	FULL	1	29248
322	275	175	0	250	0	0	FULL	1	374134
542	248	123	33	348	0	0	FULL	3	214957
429	350	117	35	250	7	4	FULL	8	912843
539	329	105	1461	250	5	4	FULL	2	86476
337	260	177	0	250	0	0	FULL	1	71142
298	231	239	0	613	0	0	FULL	1	205849
368	204	232	17	1499	22	22	FULL	2	946596
341	247	219	18	794	13	16	FULL	4	523006
473	257	136	2079	460	9	13	FULL	3	902178
317	223	176	2750	583	16	14	FULL	1	388332
282	206	216	0	504	23	24	FULL	3	437823
362	195	262	0	430	0	0	FULL	1	77248
271	233	198	0	636	23	25	FULL	5	47030
364	252	147	769	417	14	17	FULL	2	170786
375	246	157	0	965	0	0	FULL	3	669661
301	242	253	18	534	0	0	FULL	2	426124
331	250	199	16	393	2	5	FULL	2	79272
305	282	204	4025	395	0	0	FULL	1	856430
414	271	120	4860	250	0	0	FULL	3	32169
304	232	261	18	734	0	0	FULL	2	62812
307	186	253	14	683	14	16	SHORT_EDGES	1	315219
221	161	353	12	635	27	25	FULL	3	824187
277	227	264	5098	1140	23	24	FULL	2	875381
370	216	194	1472	250	0	0	FULL	3	577822
335	250	186	0	521	0	0	FULL	2	67323
378	208	158	0	746	24	23	FULL	2	579911
323	291	165	15	891	5	8	FULL	1	419808
416	291	136	16	414	0	0	FULL	1	248512
332	226	207	15	296	0	0	FULL	1	150929
342	269	147	13	531	33	30	FULL	2	513364
339	250	183	15	250	7	7	FULL	2	80067
285	165	331	5921	250	0	0	FULL	3	94634
398	291	125	29	250	12	9	FULL	1	91143
356	206	171	975	307	0	0	FULL	2	677833
449	312	103	14	808	0	0	FULL	1	56297
385	254	138	13	1012	0	0	FULL	6	979670
273	212	268	2402	659	0	0	FULL	5	687049
346	243	185	2883	1471	0	0	FULL	3	484033
372	363	130	2922	360	18	20	ALL_EDGES	2	660431
452	379	79	54	250	0	0	FULL	2	827546
374	207	227	17	446	0	0	FULL	2	308702
475	224	183	2418	250	23	23	FULL	2	790973
356	285	143	3451	250	0	0	ALL_EDGES	1	74827
267	223	293	3290	814	3	3	FULL	2	200325
345	252	213	18	250	26	29	ALL_EDGES	1	941654
311	233	173	12	763	0	0	FULL	2	164518
242	187	277	12	440	0	0	FULL	1	836656
463	368	103	52	1023	0	0	ALL_EDGES	2	724892
339	198	231	4758	583	18	22	FULL	2	361007
381	323	134	1468	687	0	0	FULL	3	322338
356	243	190	2293	357	0	0	FULL	2	178465
296	199	247	14	524	0	0	FULL	1	855017
344	275	186	17	352	9	14	FULL	1	183570
332	212	177	25	274	9	10	FULL	1	665673
347	267	201	0	614	8	10	FULL	2	632178
266	174	291	0	357	36	36	FULL	8	97360
280	214	209	12	873	0	0	ALL_EDGES	3	150679
338	259	155	1836	437	0	0	FULL	2	840601
334	244	228	37	675	11	13	FULL	3	350911
334	257	227	19	810	36	38	FULL	2	417036
374	225	209	5162	680	17	25	FULL	2	330867
393	300	123	1029	669	0	0	FULL	2	681998
288	273	196	3348	661	0	0	FULL	1	570464
436	302	111	5278	264	0	0	FULL	1	292285
374	211	247	19	250	0	0	LONG_EDGES	2	785204
342	268	192	17	250	21	24	ALL_EDGES	13	253350
382	218	186	15	646	0	0	FULL	4	619430
343	291	146	0	479	0	0	FULL	2	43756
392	253	157	2232	532	12	17	FULL	1	669361
405	264	145	1302	250	17	25	FULL	1	540370
281	216	255	1255	1204	23	18	FULL	2	615165
407	301	127	0	432	8	15	FULL	1	819825
278	211	314	37	517	0	0	FULL	1	132310
355	267	163	15	325	12	16	FULL	4	953656
326	303	147	0	403	21	23	ALL_EDGES	1	747425
454	173	222	17	250	0	0	FULL	4	38671
306	260	195	0	250	0	0	FULL	1	999742
271	219	244	1595	977	0	0	FULL	2	964131
263	188	253	0	1534	20	27	FULL	2	296438
308	226	179	2737	250	0	0	FULL	1	427011
318	232	223	16	250	0	0	FULL	6	275368
337	163	264	0	288	0	0	FULL	7	987791
353	194	211	14	543	0	0	FULL	1	270716
378	273	160	33	867	15	16	FULL	3	595716
420	334	110	15	327	17	22	FULL	2	319595
351	264	210	0	250	0	0	FULL	4	568415
493	253	132	2079	529	14	15	FULL	4	548775
335	289	129	12	250	12	13	FULL	6	538931
366	279	122	12	403	0	0	FULL	1	962980
311	241	167	12	619	0	0	FULL	1	714979
357	254	181	33	250	21	26	FULL	5	8970
291	219	244	15	654	16	10	FULL	1	619922
346	288	145	14	572	0	0	FULL	1	536388
354	194	211	2262	1009	0	0	FULL	1	505247
300	191	253	14	946	0	0	ALL_EDGES	2	427531
338	240	192	15	934	0	0	FULL	3	634988
514	305	125	0	1363	22	22	FULL	1	386286
283	182	282	14	410	0	0	FULL	6	282823
439	298	149	1716	471	15	13	FULL	1	595695
435	224	190	18	250	0	0	FULL	2	961785
331	189	216	13	320	9	7	ALL_EDGES	5	746034
405	279	120	2727	274	0	0	FULL	2	467685
394	251	126	12	439	25	30	FULL	2	986690
383	257	158	15	537	0	0	FULL	1	195125
379	274	179	0	651	10	10	ALL_EDGES	4	289001
275	199	247	0	535	15	14	FULL	2	91385
420	318	131	17	289	26	15	FULL	1	570891
320	195	233	0	599	14	16	FULL	5	983408
373	302	111	25	957	24	29	FULL	3	281127
347	206	189	13	250	26	29	FULL	1	173300
375	203	190	14	395	4	7	FULL	1	996109
436	313	135	18	393	0	0	FULL	1	735018
339	230	160	12	561	28	22	FULL	1	662026
461	251	159	0	250	34	35	FULL	1	501252
332	223	270	40	786	23	19	FULL	1	859068
282	199	240	13	250	0	0	FULL	1	892609
522	279	113	16	313	0	0	FULL	1	240969
279	223	266	0	1155	0	0	FULL	1	915754
390	270	186	19	426	0	0	FULL	1	147817
359	304	114	12	655	16	21	FULL	1	718502
338	262	198	5932	317	0	0	FULL	3	332606
453	261	165	1540	250	0	0	FULL	8	434810
263	204	290	15	250	0	0	FULL	8	386776
295	249	253	18	446	7	11	FULL	3	624089
363	299	143	15	344	0	0	FULL	1	221308
371	243	206	869	494	15	23	FULL	1	230047
356	232	177	2552	370	0	0	FULL	3	466697
378	226	182	15	767	0	0	FULL	2	878054
353	217	201	0	663	0	0	FULL	7	942594
297	219	239	15	250	14	21	FULL	2	558988
252	205	241	12	344	1	5	FULL	8	633533
359	274	157	1968	926	0	0	FULL	1	820996
425	283	137	2623	650	0	0	ALL_EDGES	2	334954
333	254	183	2836	789	12	11	FULL	1	333750
485	279	122	2887	796	0	0	FULL	3	67107
331	221	212	2449	454	30	31	FULL	1	210525
364	255	178	16	489	19	20	FULL	2	908507
470	295	97	13	686	0	0	FULL	1	326419
350	220	213	0	446	0	0	FULL	3	813007
283	224	306	0	683	16	16	FULL	2	916993
401	324	142	3163	250	26	25	FULL	4	848503
394	187	170	12	250	40	48	FULL	1	261295
403	239	203	19	510	7	11	FULL	1	411246
378	232	212	2127	609	0	0	FULL	1	13462
480	311	124	18	796	0	0	FULL	2	163483
252	169	388	16	862	0	0	ALL_EDGES	1	232191
314	228	216	15	657	23	24	FULL	2	777352
515	322	100	0	455	21	18	FULL	1	631518
332	229	216	33	1122	0	0	FULL	1	936796
328	221	214	3952	331	0	0	FULL	3	677640
378	230	201	0	295	0	0	ALL_EDGES	2	230294
244	225	244	0	716	0	0	FULL	1	259413
278	239	234	15	480	0	0	ALL_EDGES	2	980013
366	222	190	15	537	23	21	FULL	1	568443
317	223	260	18	250	38	42	ALL_EDGES	2	534183
352	289	172	17	250	23	21	FULL	5	465792
415	291	128	15	1157	28	28	FULL	3	919677
486	363	93	16	415	0	0	FULL	1	67414
381	214	245	2020	656	0	0	FULL	1	621940
402	242	139	13	868	0	0	FULL	3	859898
376	239	195	35	250	0	0	FULL	2	201918
336	254	147	700	394	27	30	FULL	3	593344
408	248	153	15	752	0	0	FULL	2	139057
371	264	137	1417	711	0	0	FULL	3	955569
302	253	243	2257	250	0	0	FULL	4	467019
308	259	170	13	250	18	18	ALL_EDGES	1	623468
255	190	256	1375	405	12	11	FULL	2	924107
375	280	167	17	700	21	26	FULL	2	149854
433	315	114	15	566	11	6	FULL	1	641783
404	240	150	14	356	38	36	FULL	2	571369
318	253	156	825	464	28	28	FULL	3	759497
433	283	126	0	250	31	33	FULL	1	251643
349	293	122	12	596	0	0	FULL	4	595541
375	231	225	19	851	0	0	FULL	4	756906
313	195	254	31	653	19	13	FULL	2	643317
311	223	222	0	250	0	0	FULL	2	629254
516	241	108	0	563	0	0	FULL	3	389968
347	214	208	0	355	0	0	ALL_EDGES	2	601578
361	280	173	9082	1211	5	9	FULL	1	611185
294	158	333	31	904	0	0	FULL	1	810929
325	217	206	0	516	3	6	FULL	2	492953
333	251	185	31	250	0	0	ALL_EDGES	2	65210
367	186	243	16	447	29	33	ALL_EDGES	4	685013
310	247	204	0	1350	0	0	FULL	4	899973
260	182	370	17	440	24	21	ALL_EDGES	1	500149
267	257	226	15	351	31	23	FULL	22	519434
284	236	217	0	531	0	0	FULL	1	539905
275	135	418	15	1377	29	24	ALL_EDGES	2	851369
382	275	138	14	438	33	34	FULL	4	426799
310	219	271	18	421	0	0	FULL	1	948681
343	243	162	13	884	0	0	FULL	2	60989
467	376	88	5781	732	20	21	FULL	1	479724
319	242	260	20	250	0	0	FULL	3	538877
444	245	179	19	787	0	0	FULL	3	580571
342	237	179	14	755	18	18	FULL	2	282046
348	178	217	2133	250	0	0	FULL	1	278149
276	227	247	0	687	14	13	FULL	1	561824
465	304	110	15	712	25	24	FULL	1	489876
268	220	213	12	978	21	26	FULL	5	809897
452	284	145	18	250	6	4	FULL	1	420966
392	268	167	17	866	12	15	FULL	2	78158
310	192	244	0	250	20	12	FULL	1	313690
365	288	129	0	250	6	12	FULL	1	612467
323	273	142	0	596	14	17	FULL	5	234328
342	327	166	0	532	0	0	FULL	1	121276
344	312	125	13	1104	13	17	ALL_EDGES	1	280085
322	224	201	1856	250	32	35	FULL	2	242294
388	324	123	15	320	8	15	FULL	3	994171
300	212	244	15	401	0	0	FULL	2	25011
324	245	196	0	308	0	0	FULL	7	893139
332	224	235	17	946	0	0	FULL	2	317144
300	184	318	17	367	0	0	FULL	3	572799
430	271	167	19	836	0	0	FULL	1	400292
307	168	241	0	346	0	0	FULL	1	800911
351	209	211	1162	250	0	0	FULL	4	379122
401	291	150	17	601	0	0	FULL	1	769236
418	320	93	12	527	15	9	FULL	2	736761
440	246	180	39	620	0	0	FULL	1	427030
348	222	214	1584	250	0	0	ALL_EDGES	2	999539
349	288	154	0	554	0	0	FULL	3	313826
