403	307	85	1701	937	0	0	ALL_EDGES	2	412402
267	176	201	1672	438	0	0	FULL	3	917021
261	217	151	0	555	13	12	FULL	4	766899
238	179	245	0	428	0	0	FULL	1	865601
342	251	134	11	558	0	0	ALL_EDGES	4	852984
235	128	149	9	403	0	0	FULL	1	112221
200	154	306	2099	250	0	0	FULL	2	734598
242	190	141	0	299	7	7	FULL	2	616296
270	173	181	0	250	30	34	ALL_EDGES	2	39338
241	163	218	8	250	0	0	ALL_EDGES	1	355138
380	219	127	787	439	0	0	FULL	1	586794
390	257	105	3339	1183	9	13	ALL_EDGES	3	798175
509	193	122	12	914	0	0	FULL	3	272371
358	231	90	0	912	11	15	FULL	1	335307
248	199	111	5	459	0	0	FULL	6	377796
207	136	160	4	835	4	4	ALL_EDGES	1	107875
277	215	110	6	322	16	17	ALL_EDGES	1	451551
344	232	145	11	533	0	0	FULL	3	859485
242	160	192	7	865	19	21	FULL	1	931081
245	130	237	15	829	13	17	FULL	3	549901
581	265	78	3156	250	7	3	FULL	1	962235
325	254	139	23	765	0	0	FULL	2	86283
276	200	208	2817	349	0	0	FULL	1	47354
353	277	97	19	462	0	0	FULL	1	863897
309	228	107	0	463	0	0	ALL_EDGES	1	21141
193	154	152	4	1320	39	36	FULL	4	184255
404	215	132	11	545	39	42	ALL_EDGES	4	293155
335	228	150	11	728	14	14	FULL	1	223245
367	229	137	0	420	19	22	FULL	3	610757
307	183	169	9	250	27	29	FULL	2	714830
282	211	177	10	571	9	9	ALL_EDGES	1	378987
318	210	67	9	491	16	14	FULL	2	800221
391	175	168	11	547	0	0	FULL	1	75269
323	197	181	11	511	0	0	FULL	3	847593
378	296	102	11	353	0	0	FULL	2	572725
310	141	171	7	338	17	18	FULL	3	881991
322	239	123	3334	904	38	36	FULL	3	366914
317	234	162	0	584	9	8	FULL	2	800622
287	200	113	0	330	0	0	FULL	5	738750
173	146	256	0	486	23	20	ALL_EDGES	1	138057
249	206	165	1275	250	0	0	FULL	2	583708
271	146	240	9	250	0	0	FULL	2	584819
248	190	181	8	856	0	0	FULL	2	107474
177	131	150	364	470	0	0	FULL	2	928187
310	221	139	19	763	0	0	FULL	3	603026
333	249	138	23	892	19	20	FULL	2	464390
256	223	185	1260	432	0	0	FULL	2	842067
394	257	113	2886	458	0	0	ALL_EDGES	1	884189
238	157	227	8	597	12	15	FULL	2	727035
351	270	79	7	683	0	0	ALL_EDGES	2	757881
294	265	148	1771	250	17	17	FULL	2	116664
509	306	74	2001	250	37	41	FULL	2	930644
311	229	119	17	1054	10	15	FULL	1	397087
375	241	105	4664	1263	23	27	FULL	1	658307
356	222	121	19	322	22	29	FULL	2	474149
262	176	229	10	442	0	0	FULL	2	132991
230	198	232	2457	409	0	0	FULL	2	492951
248	154	144	11	426	0	0	FULL	2	314645
229	173	188	7	250	35	32	FULL	1	174461
281	253	169	0	250	0	0	FULL	3	875656
279	185	221	0	837	15	15	FULL	1	689059
254	185	181	17	326	5	1	FULL	1	521891
358	194	122	8	542	0	0	FULL	2	727099
278	234	162	10	689	0	0	ALL_EDGES	2	326617
283	200	184	0	489	33	35	FULL	1	3170
369	245	127	2392	288	31	33	FULL	3	982070
307	180	208	5140	1030	0	0	ALL_EDGES	1	246456
327	245	131	1732	379	22	21	FULL	1	700977
191	161	113	0	1343	23	26	FULL	2	198037
261	144	94	448	1457	0	0	FULL	6	459273
296	192	203	0	310	0	0	FULL	3	632871
329	195	86	5	466	0	0	FULL	1	771106
237	137	168	0	827	8	3	FULL	1	576965
488	273	90	1464	381	16	16	ALL_EDGES	4	199677
368	224	139	11	448	5	3	FULL	3	437701
273	168	142	0	370	7	2	FULL	3	342801
371	165	139	8	520	13	6	ALL_EDGES	2	71941
435	320	82	23	250	0	0	FULL	5	238293
369	227	101	0	250	0	0	FULL	4	201662
251	219	210	0	452	11	13	FULL	2	277155
303	163	131	0	250	0	0	FULL	3	604547
270	210	212	12	250	0	0	FULL	1	726422
269	177	158	7	250	0	0	FULL	1	102916
307	210	163	10	712	16	19	FULL	1	921465
224	197	148	0	786	0	0	FULL	4	690672
255	188	156	7	875	0	0	FULL	3	11746
343	239	91	0	651	0	0	FULL	4	756803
281	185	164	8	437	21	24	FULL	2	526204
257	219	97	0	882	0	0	FULL	3	452834
299	255	112	8	1003	0	0	FULL	1	953906
292	228	158	2089	482	0	0	ALL_EDGES	2	226221
263	197	201	10	1006	27	25	FULL	2	234364
296	168	231	3427	290	34	39	FULL	1	742508
318	264	137	2173	250	0	0	FULL	15	102646
344	247	100	705	250	0	0	FULL	1	499071
188	127	146	266	250	23	27	FULL	1	960004
260	251	146	9	250	0	0	ALL_EDGES	3	546587
306	208	102	6	478	0	0	FULL	2	261152
256	189	93	4	815	0	0	ALL_EDGES	2	593685
260	172	145	13	250	0	0	FULL	1	299559
330	240	95	0	250	0	0	FULL	1	448768
253	145	316	11	250	30	34	FULL	6	890242
338	167	187	10	562	17	17	ALL_EDGES	1	410470
291	181	143	1080	583	11	13	FULL	2	350600
256	202	164	1861	580	15	13	FULL	1	561213
261	173	232	10	979	20	23	ALL_EDGES	2	349109
328	244	94	2302	250	0	0	FULL	2	924291
204	133	314	756	1010	0	0	FULL	2	629444
232	132	310	1102	803	28	31	ALL_EDGES	2	412202
312	173	157	8	585	0	0	FULL	1	826179
291	138	213	1113	250	7	7	FULL	1	266822
134	113	230	3	418	0	0	FULL	1	76147
314	168	161	8	285	33	30	FULL	1	714983
237	192	208	180	458	0	0	FULL	2	286945
291	209	188	5566	893	0	0	FULL	1	269423
312	214	67	1660	250	0	0	FULL	2	543879
301	211	134	8	518	13	12	ALL_EDGES	1	830037
214	116	343	0	420	0	0	FULL	1	158925
239	172	85	3	250	0	0	FULL	1	146166
303	220	181	1428	250	14	18	ALL_EDGES	2	224056
273	209	184	1375	352	0	0	FULL	1	689497
320	273	120	21	285	0	0	FULL	2	923971
335	235	95	0	250	0	0	FULL	2	638264
315	221	172	24	250	0	0	ALL_EDGES	1	570434
232	207	178	0	432	0	0	FULL	2	946247
241	171	181	7	624	23	22	FULL	1	764584
227	176	162	6	250	28	30	FULL	3	660996
276	202	99	5	985	13	15	ALL_EDGES	2	954913
300	179	224	5232	2000	0	0	ALL_EDGES	3	688354
341	260	96	0	414	0	0	FULL	1	268646
262	237	72	432	250	0	0	FULL	2	70438
373	298	103	0	696	0	0	FULL	1	169159
272	181	214	0	867	18	23	FULL	2	137193
273	191	201	10	594	0	0	FULL	3	826046
227	172	167	6	250	0	0	FULL	1	820829
283	167	95	2358	1364	0	0	FULL	1	438435
281	210	93	5	250	13	17	FULL	1	689805
280	182	167	0	579	0	0	FULL	1	666395
230	159	287	21	1058	16	17	ALL_EDGES	1	467637
308	245	152	11	345	23	29	FULL	2	511679
302	180	156	8	851	0	0	FULL	2	35652
283	178	209	5859	877	0	0	FULL	2	256878
320	195	121	585	250	19	22	FULL	2	662267
272	180	174	8	629	19	16	FULL	1	567150
264	191	148	855	808	9	10	FULL	4	22881
390	249	119	23	640	0	0	FULL	3	485271
471	278	88	11	250	0	0	FULL	1	592234
258	204	124	6	426	0	0	FULL	1	534238
198	169	224	15	832	0	0	FULL	1	289774
331	250	66	847	250	0	0	FULL	1	765147
263	170	258	11	494	0	0	FULL	3	370831
303	233	107	712	250	13	12	FULL	2	736069
348	190	143	0	744	10	11	FULL	3	150116
331	214	106	7	538	9	6	FULL	1	911314
300	224	141	0	389	0	0	FULL	3	139909
256	164	227	19	1531	18	21	FULL	3	593113
225	179	161	286	864	16	21	FULL	2	387532
319	192	188	0	934	0	0	FULL	1	893409
270	211	131	15	582	16	15	FULL	1	467221
195	143	199	5	581	16	19	FULL	1	236888
299	269	143	23	930	0	0	FULL	1	199794
328	197	163	10	372	0	0	ALL_EDGES	4	813294
373	191	133	9	318	21	24	ALL_EDGES	1	33924
229	135	274	1555	794	0	0	FULL	3	183087
166	119	226	1377	1803	0	0	FULL	1	322067
287	216	136	8	908	0	0	FULL	1	108030
268	192	126	1352	901	0	0	FULL	4	765984
229	143	229	7	687	13	23	FULL	2	639776
259	240	152	9	708	24	24	FULL	2	251072
273	202	153	8	413	15	15	FULL	2	674716
343	227	122	1548	496	29	31	FULL	1	985469
261	200	201	10	250	0	0	FULL	2	5689
292	194	184	1386	560	20	20	ALL_EDGES	1	610810
202	153	144	4	250	13	15	ALL_EDGES	1	155211
242	122	253	1252	579	7	9	FULL	3	601357
334	231	150	0	963	0	0	FULL	3	209725
356	238	124	10	250	0	0	FULL	2	856019
353	296	91	1501	356	24	26	FULL	1	181002
256	176	166	1320	1131	0	0	FULL	1	725320
221	152	224	7	457	0	0	ALL_EDGES	1	11771
349	257	117	21	525	19	22	ALL_EDGES	4	518726
375	204	125	9	559	0	0	FULL	1	74252
373	234	137	900	1185	0	0	FULL	2	866574
314	216	126	8	517	0	0	FULL	1	395556
371	223	139	23	984	10	8	FULL	2	551411
251	208	164	1241	1036	0	0	FULL	3	339300
296	206	171	10	645	0	0	FULL	2	227799
332	241	143	0	250	27	27	FULL	1	769001
195	140	165	4	250	0	0	FULL	3	56647
356	240	111	9	1766	0	0	FULL	4	91264
250	197	132	0	250	0	0	ALL_EDGES	2	320832
288	150	266	0	375	0	0	FULL	1	114895
336	162	156	1105	492	0	0	FULL	1	755866
299	180	157	8	672	0	0	FULL	1	880000
273	144	115	0	614	0	0	FULL	1	431501
253	203	224	1805	391	17	20	FULL	1	204708
188	163	114	693	1124	0	0	FULL	1	185681
261	169	191	17	250	0	0	FULL	1	164077
257	196	129	1482	362	0	0	FULL	2	138684
301	135	259	1312	530	24	30	FULL	2	695161
370	208	149	23	767	1	3	FULL	2	943906
308	170	221	0	332	7	9	FULL	1	293621
305	199	173	0	250	0	0	FULL	2	231306
332	251	126	10	514	22	22	FULL	1	423191
284	139	215	8	809	0	0	ALL_EDGES	1	928357
240	179	269	23	946	0	0	FULL	3	122032
297	223	128	807	250	0	0	FULL	4	384418
357	199	169	12	487	0	0	ALL_EDGES	1	678745
220	152	134	4	1122	0	0	FULL	4	386
467	227	90	0	350	0	0	FULL	3	132253
255	245	169	0	366	0	0	FULL	2	473558
329	198	162	10	790	0	0	FULL	2	695995
346	223	97	7	665	0	0	FULL	2	296008
328	216	162	11	925	0	0	FULL	2	235664
281	137	221	8	592	0	0	FULL	3	488207
311	198	138	8	709	0	0	FULL	1	461919
316	193	188	23	250	18	18	FULL	1	419133
237	164	219	901	457	9	4	FULL	2	325256
424	280	97	3323	450	0	0	FULL	2	522539
187	162	280	1989	1037	14	15	ALL_EDGES	3	219192
304	201	156	9	575	0	0	FULL	1	568051
300	222	173	11	529	15	23	FULL	2	227305
204	130	206	5	790	4	9	FULL	2	829222
253	157	113	4	482	21	19	ALL_EDGES	1	398526
244	129	144	4	250	0	0	FULL	1	140113
330	242	131	0	706	11	9	FULL	2	768621
249	167	204	1028	404	0	0	ALL_EDGES	1	415362
339	238	142	0	486	24	28	FULL	1	745096
336	254	135	839	256	0	0	FULL	3	490113
260	196	168	1487	618	0	0	FULL	2	28319
256	163	180	7	2238	0	0	ALL_EDGES	4	114644
237	182	175	0	444	17	14	FULL	2	946955
257	175	167	0	468	14	20	FULL	2	549956
292	227	128	17	305	0	0	FULL	7	542674
317	232	156	5255	1221	6	6	FULL	2	612389
307	219	127	1122	432	17	11	FULL	2	947758
381	246	91	391	979	0	0	FULL	1	70288
289	212	73	9	855	0	0	FULL	2	582709
291	196	149	17	527	31	34	FULL	2	754080
218	170	121	4	699	14	16	FULL	5	266587
357	235	89	142	785	33	31	FULL	2	50225
164	142	192	234	870	8	12	FULL	2	587790
321	177	168	9	250	0	0	FULL	1	766453
356	260	125	0	250	0	0	FULL	3	392980
296	226	171	11	672	11	9	FULL	1	935293
273	200	156	8	947	0	0	FULL	4	580245
340	182	137	8	705	17	16	FULL	1	791166
268	191	166	8	1248	30	34	FULL	3	671734
224	147	227	450	402	0	0	FULL	1	688672
237	169	162	6	250	41	36	ALL_EDGES	1	252033
235	199	181	8	250	11	14	ALL_EDGES	2	349025
301	207	120	1485	250	30	38	FULL	1	782131
306	190	180	10	385	21	23	FULL	3	709205
354	219	149	966	905	0	0	FULL	1	68039
241	171	158	6	614	14	14	FULL	1	155027
288	253	145	10	611	16	16	FULL	2	90761
232	168	115	4	250	0	0	FULL	5	574947
228	170	192	772	437	0	0	ALL_EDGES	1	267561
333	202	171	23	527	0	0	FULL	1	485520
239	176	83	3	407	38	41	FULL	2	3912
266	268	105	7	527	0	0	FULL	3	593192
267	216	165	826	608	17	24	FULL	1	155536
244	164	212	1776	382	0	0	FULL	3	19042
321	207	114	7	666	0	0	FULL	1	958030
316	226	119	2507	301	12	15	FULL	4	13363
298	186	190	4095	250	0	0	FULL	1	234649
426	246	71	7	397	0	0	ALL_EDGES	1	601148
332	171	150	578	500	0	0	FULL	1	39739
309	177	173	2280	544	17	19	FULL	3	675284
371	246	115	3234	411	0	0	FULL	1	85281
390	316	97	12	368	17	22	ALL_EDGES	2	959518
297	196	197	23	405	0	0	FULL	1	279067
195	136	247	1397	593	24	28	FULL	1	296580
192	145	269	7	250	38	44	FULL	1	501873
316	162	235	12	675	0	0	FULL	2	1496
314	216	126	1300	728	0	0	FULL	1	151631
255	192	92	4	571	31	36	FULL	6	114965
315	215	126	17	978	31	32	FULL	2	546072
330	254	138	1748	1612	0	0	FULL	1	161192
301	219	99	6	360	22	24	FULL	2	665332
297	214	181	0	574	10	8	FULL	2	862205
298	166	171	629	707	31	32	FULL	1	65803
363	211	124	19	773	0	0	ALL_EDGES	2	308387
250	182	99	0	824	18	19	FULL	2	373228
231	200	76	630	375	0	0	FULL	3	906153
250	202	227	4220	425	0	0	FULL	3	802907
243	170	182	7	571	0	0	FULL	2	622769
333	260	98	0	615	0	0	FULL	1	926234
227	183	132	5	250	0	0	FULL	2	875000
212	195	109	0	250	0	0	FULL	7	275945
249	189	75	210	972	21	18	FULL	3	307925
402	233	91	263	370	15	18	ALL_EDGES	1	891669
288	168	197	1529	520	0	0	FULL	4	67543
312	246	123	0	250	18	16	FULL	1	292646
308	159	174	8	940	0	0	FULL	3	66190
266	249	128	0	647	16	15	FULL	3	237279
189	146	162	1314	540	0	0	FULL	2	641295
274	204	189	0	420	35	34	FULL	1	728586
280	214	109	1391	867	0	0	FULL	3	137567
266	145	273	10	250	11	13	FULL	1	773869
341	190	185	1320	441	0	0	FULL	1	160627
300	218	130	280	1254	0	0	FULL	1	437732
274	224	138	807	464	0	0	FULL	1	906806
299	184	155	850	612	0	0	FULL	2	662841
259	167	219	1567	360	14	17	FULL	2	865458
329	198	115	1275	421	0	0	FULL	2	781061
288	225	177	11	299	12	10	FULL	1	195789
233	182	224	1292	430	29	28	FULL	1	437181
289	251	117	1470	250	0	0	FULL	4	48469
276	219	175	10	296	9	9	FULL	1	603286
333	189	103	6	907	0	0	FULL	2	942857
328	200	99	1755	552	0	0	FULL	1	523496
317	251	144	23	451	0	0	FULL	3	46625
257	190	153	0	414	0	0	FULL	2	265162
263	202	160	17	864	22	16	FULL	1	309397
250	183	249	11	296	19	17	FULL	1	743550
303	149	256	11	250	10	16	FULL	7	916282
285	251	160	1472	496	26	29	FULL	2	404422
255	218	215	12	402	16	16	FULL	1	522497
275	223	189	0	250	7	10	FULL	1	840518
259	134	332	11	943	14	16	FULL	2	119552
338	213	167	3492	641	13	13	FULL	2	605429
151	128	232	4	800	0	0	FULL	1	251038
345	259	51	4	250	28	31	ALL_EDGES	2	605243
262	197	144	930	345	0	0	FULL	1	658795
261	235	188	1472	1031	0	0	FULL	2	769819
189	162	146	4	250	25	24	FULL	1	223238
262	196	223	11	527	0	0	FULL	3	686684
422	286	95	23	250	0	0	FULL	1	289927
214	188	186	2212	632	13	13	ALL_EDGES	1	625026
322	247	144	11	816	0	0	FULL	1	303517
224	179	161	6	1017	5	9	FULL	2	640915
299	218	115	960	616	0	0	FULL	1	345004
345	218	153	506	912	0	0	FULL	3	584502
302	205	153	9	369	27	26	FULL	1	896706
300	205	122	7	577	26	25	FULL	1	657858
279	229	117	2985	250	8	10	FULL	1	889184
306	197	124	0	250	0	0	FULL	9	702009
275	198	120	0	250	0	0	FULL	1	90237
257	164	177	15	298	0	0	FULL	2	501836
211	119	179	9	400	0	0	FULL	1	322698
333	179	176	1711	928	0	0	FULL	4	212945
312	216	111	1912	423	0	0	ALL_EDGES	1	124171
315	212	143	2071	250	2	5	FULL	1	948167
271	168	253	11	402	0	0	FULL	3	879446
295	246	117	8	776	14	8	FULL	4	542879
280	211	127	0	1020	1	8	FULL	3	485226
293	211	137	0	520	22	21	FULL	1	199802
329	265	132	0	348	29	26	FULL	2	312938
302	192	146	8	1016	0	0	FULL	1	426213
245	142	215	7	1006	11	18	ALL_EDGES	1	830668
266	130	101	3	417	10	11	FULL	2	64653
249	166	157	6	1328	0	0	FULL	1	969007
266	141	146	16	250	37	41	FULL	1	487562
293	229	127	2329	628	0	0	FULL	1	452929
374	245	93	17	1210	12	16	FULL	2	598309
323	191	170	4305	516	0	0	ALL_EDGES	1	586174
387	253	97	0	250	0	0	FULL	5	973686
244	145	212	0	1025	0	0	FULL	2	876768
247	164	136	594	250	14	13	FULL	2	572260
314	260	141	23	543	30	33	FULL	3	718450
246	166	111	238	934	0	0	FULL	1	107579
303	245	100	15	250	29	28	FULL	4	891191
306	222	126	8	961	0	0	FULL	5	559212
317	204	147	3572	1182	0	0	FULL	1	163693
345	226	70	995	517	17	22	FULL	2	602959
216	143	244	7	250	0	0	ALL_EDGES	2	288072
333	196	115	787	606	29	32	FULL	2	214196
257	166	200	459	568	19	23	FULL	1	540417
259	164	224	9	250	10	9	FULL	1	109009
431	339	82	12	868	19	17	FULL	1	830898
254	194	192	19	396	0	0	FULL	4	133364
394	215	135	3162	1047	0	0	FULL	3	236034
330	249	146	12	523	0	0	FULL	5	421357
213	153	259	2686	1411	31	35	FULL	1	132173
258	174	256	11	250	29	33	ALL_EDGES	4	261482
333	251	78	500	885	21	26	CORNERS	5	171352
269	181	175	1419	1190	31	29	FULL	1	279312
227	122	162	4	297	21	20	ALL_EDGES	5	176145
379	290	105	11	250	0	0	FULL	2	805845
271	194	200	10	415	42	48	FULL	2	552170
259	256	114	2295	365	28	32	FULL	2	71849
261	149	116	9	645	0	0	FULL	3	619783
327	246	143	23	250	32	32	ALL_EDGES	2	137998
235	165	167	0	401	22	19	FULL	3	213000
198	131	174	4	250	0	0	FULL	1	84886
253	188	116	5	1462	25	32	FULL	1	632686
289	164	137	6	428	0	0	ALL_EDGES	2	856740
256	135	333	1587	576	16	16	FULL	2	262336
304	254	136	10	445	0	0	FULL	2	384617
198	176	101	3	250	0	0	FULL	3	329040
279	216	190	11	379	29	32	FULL	3	994133
346	226	147	0	898	19	20	ALL_EDGES	2	969736
244	214	144	7	1167	12	12	FULL	2	170735
284	162	228	10	396	0	0	FULL	2	30300
292	186	83	9	442	0	0	FULL	1	847497
263	192	149	2205	250	19	22	FULL	1	805486
347	229	94	15	250	19	17	FULL	4	621549
333	187	105	6	673	30	36	FULL	2	597689
306	226	167	11	250	0	0	FULL	2	475751
374	135	207	10	835	0	0	FULL	2	864749
191	119	200	4	968	0	0	FULL	2	314520
361	246	85	1312	250	12	13	FULL	1	497904
355	231	146	1308	1163	0	0	FULL	2	640540
307	240	75	5	811	0	0	FULL	4	791314
258	181	96	9	415	7	8	FULL	1	325661
384	240	114	10	593	0	0	FULL	3	106953
263	176	162	7	1546	0	0	FULL	2	917491
314	225	162	11	627	0	0	ALL_EDGES	1	431354
264	222	179	21	684	14	20	ALL_EDGES	4	94709
327	210	168	11	953	0	0	FULL	1	323994
264	210	171	19	359	0	0	FULL	2	55983
270	217	128	2910	372	0	0	FULL	2	278
307	208	180	11	546	21	21	FULL	1	864362
267	175	139	6	250	0	0	FULL	3	763737
325	163	161	0	754	17	15	FULL	2	582952
493	400	58	11	304	0	0	FULL	2	312155
243	199	154	7	640	0	0	FULL	4	424173
291	211	139	1453	912	0	0	FULL	1	28722
311	196	123	1890	250	0	0	FULL	1	197294
274	157	150	0	250	0	0	FULL	1	696175
229	139	235	2100	494	0	0	FULL	1	662723
297	165	174	17	250	0	0	FULL	2	397305
255	172	102	0	832	18	17	FULL	1	491130
326	245	131	10	250	42	46	ALL_EDGES	2	608481
266	199	142	0	555	0	0	FULL	1	288010
244	160	243	9	597	28	33	FULL	3	336391
389	277	88	0	429	0	0	ALL_EDGES	1	993930
304	236	104	7	250	0	0	FULL	2	685013
378	206	96	0	250	16	16	ALL_EDGES	1	710557
323	170	210	1886	394	0	0	FULL	1	87356
240	174	205	8	1093	14	21	FULL	2	906643
296	194	182	10	813	0	0	FULL	3	70
271	163	192	8	1146	0	0	FULL	1	543965
354	211	153	11	697	17	19	FULL	3	804231
230	187	196	8	914	29	25	FULL	1	740889
332	222	116	1963	621	0	0	FULL	1	135992
281	140	215	0	250	0	0	FULL	1	757433
314	207	162	10	705	0	0	FULL	1	149161
230	212	173	8	624	19	16	ALL_EDGES	4	806976
301	183	136	0	928	43	46	FULL	1	197608
235	192	122	1474	977	0	0	FULL	1	437039
214	159	161	704	282	26	33	FULL	1	427731
239	182	263	11	250	21	19	FULL	1	775370
246	195	178	629	250	0	0	ALL_EDGES	1	774450
309	169	143	0	250	0	0	FULL	1	302347
349	236	140	11	541	0	0	FULL	2	951814
294	207	139	0	728	0	0	ALL_EDGES	2	491579
249	146	150	1138	1248	0	0	FULL	1	124545
240	259	185	2058	278	0	0	FULL	2	847772
348	245	100	8	250	0	0	FULL	4	689635
246	175	174	7	250	0	0	ALL_EDGES	1	182868
313	192	142	2006	329	0	0	FULL	3	592422
315	212	113	0	765	0	0	ALL_EDGES	2	415531
362	267	109	10	500	28	35	FULL	5	962872
256	171	170	7	378	0	0	FULL	2	229127
263	148	193	15	956	26	20	FULL	1	264012
261	143	200	1627	436	0	0	FULL	3	85015
204	157	173	1160	1220	0	0	FULL	4	184690
333	207	167	11	544	0	0	FULL	1	31582
280	199	214	0	398	0	0	FULL	1	755493
328	213	172	3948	438	0	0	FULL	2	724845
233	144	224	7	656	20	19	FULL	5	162160
327	205	157	514	490	28	32	FULL	4	817809
267	213	201	1644	611	0	0	FULL	4	519801
304	253	110	8	1188	13	16	FULL	2	806641
306	258	95	2512	318	0	0	FULL	1	335618
257	201	164	17	250	0	0	FULL	1	409040
254	124	237	7	651	27	33	FULL	1	793421
303	203	121	735	437	19	19	FULL	1	257881
289	219	182	11	282	0	0	FULL	1	450841
321	242	97	0	559	0	0	FULL	2	584565
193	132	294	1365	250	0	0	FULL	2	804974
317	150	95	1003	420	33	35	FULL	1	21070
171	140	315	7	250	29	27	FULL	3	479517
323	266	133	2173	470	0	0	FULL	1	931688
440	243	88	19	733	24	21	FULL	1	960769
400	193	149	2369	593	0	0	FULL	1	266363
404	244	76	7	765	0	0	FULL	1	374933
239	180	173	7	467	0	0	FULL	1	581152
352	296	82	2218	444	0	0	FULL	3	464579
282	155	170	0	250	26	28	ALL_EDGES	1	638431
295	221	131	2048	1825	0	0	FULL	2	802945
376	271	112	4427	935	11	14	FULL	2	769195
277	182	130	897	829	0	0	FULL	4	466060
339	219	155	0	501	0	0	FULL	1	149047
296	224	158	10	744	0	0	FULL	1	206286
251	183	98	4	499	10	8	FULL	2	464039
238	214	227	966	574	7	12	FULL	3	476520
250	145	124	4	447	0	0	FULL	3	95421
283	155	126	0	250	0	0	FULL	2	215815
282	185	164	0	577	0	0	FULL	1	205006
419	222	113	10	433	18	15	FULL	1	297152
249	196	173	8	250	0	0	FULL	2	629957
236	201	116	5	1104	23	22	FULL	1	928581
351	276	119	11	519	0	0	FULL	1	230317
288	224	147	9	1328	0	0	FULL	2	622835
273	240	145	0	250	0	0	FULL	1	711249
300	295	130	11	738	0	0	FULL	2	141982
383	256	117	471	802	27	26	FULL	2	618794
404	217	120	10	736	0	0	FULL	1	237291
182	135	222	2112	359	0	0	FULL	2	134591
190	117	156	3	508	0	0	FULL	6	378150
234	180	273	0	609	0	0	FULL	1	138472
233	144	134	4	343	15	12	FULL	1	414794
351	211	142	10	279	10	9	FULL	3	441066
329	219	159	1690	1278	0	0	FULL	1	141176
269	143	246	2679	709	0	0	FULL	1	816349
357	213	112	17	463	0	0	FULL	1	344804
332	226	140	10	343	9	9	FULL	3	143434
295	187	189	10	460	0	0	FULL	3	798230
295	151	190	8	250	0	0	ALL_EDGES	2	440707
350	210	142	1606	380	24	29	ALL_EDGES	1	891710
309	215	68	4	250	11	11	FULL	3	467364
240	182	195	8	398	31	25	FULL	2	409878
277	227	136	8	1195	22	21	FULL	2	212407
261	202	142	2752	397	5	9	FULL	1	94057
234	186	196	8	968	13	17	FULL	1	924942
198	166	168	5	250	0	0	FULL	1	817890
318	221	164	11	250	0	0	ALL_EDGES	2	312234
268	115	276	0	462	0	0	FULL	2	215223
323	227	130	0	414	21	22	ALL_EDGES	2	223835
286	206	93	0	768	0	0	FULL	3	532825
268	169	144	6	493	17	22	FULL	1	988946
294	250	156	3116	515	29	32	ALL_EDGES	2	696041
330	140	184	8	835	25	22	FULL	2	436883
243	151	315	11	584	13	12	FULL	1	463239
198	175	130	1048	971	44	48	FULL	1	989507
295	193	149	2422	434	0	0	FULL	2	342847
426	257	78	1912	539	0	0	FULL	1	457077
343	149	186	1007	452	0	0	FULL	3	827671
250	158	190	0	784	0	0	FULL	4	419856
232	164	250	0	250	44	51	FULL	4	43811
254	215	174	19	1221	0	0	FULL	4	173901
332	214	169	612	431	0	0	FULL	2	512695
189	128	347	994	321	0	0	ALL_EDGES	3	333177
233	170	113	522	753	23	27	FULL	1	634913
278	224	137	0	410	0	0	FULL	1	510819
275	236	130	0	753	28	25	FULL	1	287085
223	150	135	0	561	26	31	FULL	5	32748
277	175	113	0	1329	0	0	FULL	4	412190
324	180	206	2448	427	30	33	FULL	1	608793
304	216	182	1296	250	0	0	FULL	2	480556
273	206	151	1725	1209	13	11	FULL	1	237341
201	147	289	0	743	20	19	FULL	2	425133
251	192	239	11	345	17	16	FULL	1	871908
290	228	113	495	250	15	15	FULL	2	507270
382	232	129	1989	250	0	0	FULL	1	119431
264	155	256	0	250	0	0	FULL	1	828632
215	135	154	4	893	20	18	FULL	7	443714
255	118	283	8	320	0	0	FULL	2	304030
257	159	233	9	981	0	0	FULL	1	693495
251	199	191	798	574	21	24	FULL	1	270439
338	287	124	0	415	0	0	FULL	2	795682
401	226	116	882	271	8	9	FULL	9	694752
228	171	219	2558	549	8	6	FULL	4	124315
260	206	159	8	576	0	0	FULL	2	379665
328	205	127	4012	1253	29	30	FULL	1	551437
315	182	184	3465	940	0	0	ALL_EDGES	2	280903
212	152	232	7	469	21	22	FULL	1	727520
295	246	104	7	311	17	18	FULL	4	248536
359	184	174	1368	1044	21	21	FULL	1	614339
234	184	104	4	250	0	0	FULL	2	216607
281	134	172	13	2071	17	19	FULL	2	247658
391	259	114	11	419	23	25	FULL	3	436340
299	219	144	0	250	28	33	FULL	1	635088
333	236	121	2802	250	0	0	ALL_EDGES	2	451561
260	140	234	1963	250	0	0	FULL	2	959216
266	224	143	8	351	0	0	FULL	2	281327
263	144	223	459	250	36	37	FULL	1	282277
333	198	174	11	769	0	0	FULL	1	810819
223	140	241	1350	913	0	0	FULL	4	828599
268	187	149	352	533	0	0	FULL	1	912390
307	190	95	929	250	0	0	FULL	1	341367
255	200	148	0	705	0	0	FULL	4	29821
313	205	118	7	506	0	0	FULL	2	121920
241	159	195	465	250	27	29	FULL	1	671944
275	232	149	19	250	0	0	FULL	3	285625
340	252	99	8	545	21	22	FULL	1	672418
265	212	152	0	510	0	0	FULL	1	192361
395	194	124	0	613	16	18	FULL	1	399962
374	265	86	0	521	8	11	FULL	1	788639
277	228	135	0	359	0	0	FULL	1	312579
282	162	98	4	250	14	16	FULL	1	982592
214	180	117	4	351	12	12	ALL_EDGES	1	791071
225	188	202	8	1526	16	17	FULL	1	364968
218	124	167	1026	366	14	10	FULL	2	836986
230	181	109	4	1073	0	0	FULL	12	377150
261	270	164	11	250	19	20	FULL	2	918108
187	137	176	4	250	0	0	FULL	1	197242
282	161	233	1008	250	0	0	FULL	2	503132
213	180	250	503	372	0	0	FULL	2	619758
278	195	211	1161	250	30	31	FULL	1	606776
343	286	122	1464	286	32	35	FULL	1	812747
398	291	65	0	770	4	11	FULL	1	722225
306	268	115	9	250	0	0	FULL	1	780622
283	281	106	714	1118	0	0	FULL	1	397618
259	156	86	3	427	0	0	FULL	4	313979
281	183	184	9	274	34	34	FULL	2	966083
287	195	206	11	715	18	25	FULL	1	8685
277	167	162	0	1192	13	14	ALL_EDGES	3	639281
256	160	109	4	1545	30	32	FULL	1	230119
335	246	140	11	250	0	0	FULL	1	912718
333	285	121	2737	250	16	22	FULL	2	480004
253	200	89	0	600	0	0	FULL	1	531348
405	185	153	2668	488	0	0	FULL	1	300691
321	184	178	10	659	0	0	FULL	2	501858
223	182	283	11	513	16	16	FULL	8	514840
303	208	135	0	705	0	0	FULL	4	263029
266	158	155	6	250	0	0	FULL	1	710700
261	122	142	0	414	0	0	FULL	2	913959
242	153	231	8	381	0	0	FULL	1	29114
356	252	128	828	250	0	0	ALL_EDGES	1	935002
324	167	138	7	994	0	0	FULL	3	407358
245	202	152	15	648	22	20	FULL	1	3210
268	146	115	1498	1299	27	20	FULL	4	563607
239	174	204	17	510	30	36	FULL	1	279689
312	209	161	21	418	3	2	FULL	4	709635
324	221	133	9	400	18	18	ALL_EDGES	2	997850
203	152	242	7	851	22	24	FULL	1	208614
398	303	96	11	765	0	0	FULL	1	311613
388	257	95	9	998	0	0	FULL	1	910801
197	113	156	3	1539	0	0	FULL	2	27685
225	193	173	7	250	0	0	FULL	2	785198
233	184	198	8	250	0	0	FULL	3	695218
274	219	142	8	405	0	0	FULL	6	980753
323	206	82	0	769	0	0	FULL	2	893309
217	162	127	4	409	0	0	FULL	1	911757
403	225	115	3360	250	11	10	FULL	3	41693
400	200	144	1920	250	0	0	FULL	1	916865
245	121	323	0	412	14	18	FULL	1	964004
306	273	102	8	458	17	22	FULL	2	356396
228	169	222	1224	250	0	0	FULL	1	672647
371	242	95	8	398	0	0	FULL	1	764557
280	208	128	7	278	18	23	FULL	1	243641
224	207	118	0	471	0	0	FULL	1	57727
328	253	127	21	397	0	0	FULL	1	118141
347	247	140	12	648	21	25	FULL	1	470899
204	134	200	5	415	0	0	FULL	2	941550
309	182	170	0	387	25	28	FULL	1	858347
265	200	142	525	330	0	0	FULL	1	136222
326	252	92	7	516	0	0	FULL	1	214300
291	149	174	15	250	0	0	FULL	1	882732
281	228	132	1912	368	21	21	FULL	1	142062
296	240	162	0	470	0	0	FULL	4	110239
321	230	143	10	495	0	0	FULL	5	550856
328	233	151	897	713	0	0	FULL	3	672946
338	241	105	17	489	31	31	FULL	2	824179
231	109	299	1072	430	0	0	FULL	1	690220
253	215	101	5	541	18	24	ALL_EDGES	2	370951
323	291	69	0	492	11	13	FULL	5	555572
334	240	106	8	368	0	0	FULL	4	530507
282	213	109	6	999	0	0	FULL	1	498864
343	197	170	11	546	0	0	FULL	4	308688
212	164	275	2394	327	0	0	FULL	1	523323
208	143	151	360	250	30	32	FULL	1	176565
314	260	116	1092	250	7	9	FULL	1	268189
294	239	120	0	361	0	0	ALL_EDGES	5	414002
269	128	305	10	490	13	16	FULL	2	664022
367	196	188	2119	562	22	23	ALL_EDGES	1	325340
355	250	226	7820	718	23	25	ALL_EDGES	3	232928
347	226	224	35	662	0	0	FULL	2	710161
359	208	221	0	250	0	0	FULL	1	568068
303	203	301	1480	250	23	25	FULL	2	412429
413	238	148	2073	250	0	0	FULL	2	200235
360	287	189	39	863	0	0	FULL	1	368156
319	299	183	35	250	12	13	FULL	1	537475
442	289	137	35	582	0	0	FULL	6	62413
287	185	234	25	750	9	15	FULL	1	239203
290	227	206	13	634	25	25	FULL	2	814513
311	204	244	2325	377	13	12	FULL	1	402885
330	173	287	16	542	21	17	FULL	1	276982
467	253	148	17	685	29	32	FULL	1	709729
383	295	172	8190	366	19	22	FULL	3	808855
372	226	220	18	1216	0	0	FULL	2	543014
424	293	141	17	694	17	17	ALL_EDGES	4	219809
417	166	210	14	431	21	25	FULL	6	709235
510	301	101	15	470	0	0	FULL	1	197242
311	218	287	19	633	15	14	FULL	2	21502
396	270	117	0	250	0	0	FULL	1	282189
388	286	166	18	502	0	0	FULL	3	100652
414	374	100	15	404	0	0	FULL	1	19992
412	200	235	19	586	0	0	FULL	1	373000
361	254	180	2772	493	0	0	FULL	6	569073
371	283	176	5550	515	15	14	FULL	2	45680
292	176	304	15	418	0	0	FULL	5	952750
375	176	265	17	569	0	0	FULL	2	606468
426	264	173	39	667	0	0	FULL	4	432175
270	178	261	12	619	27	25	FULL	2	281103
364	273	156	15	250	17	15	FULL	1	820067
503	203	132	0	1669	31	30	FULL	2	302860
272	217	280	2937	771	18	10	FULL	1	315503
357	265	211	20	250	0	0	FULL	2	601210
317	212	230	2170	1794	0	0	FULL	1	705135
425	231	179	35	250	0	0	FULL	2	362772
297	140	302	12	994	22	20	FULL	1	454089
315	185	300	0	327	0	0	FULL	10	859954
390	243	153	14	426	27	26	FULL	2	558321
367	192	276	19	967	6	11	FULL	3	440274
290	212	252	15	682	0	0	FULL	2	819854
432	273	114	13	360	16	12	FULL	4	964344
285	223	243	15	250	0	0	FULL	4	834274
415	331	141	19	342	0	0	FULL	1	145900
431	299	136	17	532	0	0	FULL	5	361636
394	233	158	1435	439	28	33	FULL	1	315031
380	303	144	16	649	0	0	ALL_EDGES	2	100679
379	324	159	39	1202	0	0	FULL	2	420475
414	274	163	37	384	0	0	FULL	4	89490
337	279	187	0	546	31	32	FULL	2	149749
356	277	157	31	691	6	8	ALL_EDGES	1	461805
265	220	334	19	500	0	0	ALL_EDGES	1	4880
461	345	91	507	1596	0	0	FULL	3	294592
356	212	205	837	477	0	0	FULL	5	322618
316	223	220	15	250	0	0	FULL	2	846042
379	268	143	14	709	25	29	FULL	1	100302
400	304	103	12	250	39	42	FULL	2	432542
347	270	197	18	346	0	0	ALL_EDGES	6	646851
292	186	249	5035	324	0	0	FULL	1	878039
373	176	235	15	404	28	27	FULL	2	461688
376	226	206	4077	492	13	15	FULL	10	701318
404	246	156	15	250	0	0	FULL	2	516973
346	236	190	15	1046	0	0	FULL	2	323531
447	214	162	0	777	33	31	ALL_EDGES	1	794312
419	301	155	19	625	6	6	FULL	1	320182
369	347	137	17	595	0	0	FULL	1	996465
280	226	247	0	316	20	14	FULL	1	204633
272	172	353	0	824	9	13	FULL	2	769170
402	299	146	8417	1149	17	15	FULL	1	934635
266	223	227	13	250	31	32	FULL	1	485402
430	168	214	15	250	26	29	ALL_EDGES	2	894826
382	273	149	15	362	11	11	FULL	1	952449
287	196	240	13	402	0	0	FULL	3	324714
290	211	221	13	250	18	13	ALL_EDGES	2	109660
361	188	199	2889	609	0	0	FULL	2	761868
358	213	164	12	375	0	0	ALL_EDGES	2	279737
367	304	113	2425	684	0	0	FULL	1	803930
309	203	216	13	637	9	7	FULL	1	182648
427	300	153	0	250	31	33	FULL	1	277919
410	211	179	15	729	0	0	FULL	1	645358
365	249	171	0	674	0	0	FULL	1	528811
355	262	188	3832	481	32	33	ALL_EDGES	1	620074
295	226	277	37	509	23	22	FULL	2	93339
335	171	270	15	871	0	0	FULL	2	886547
296	234	181	812	352	0	0	FULL	2	328854
264	226	261	15	751	0	0	FULL	1	863130
352	317	139	31	250	0	0	FULL	4	684551
286	185	332	17	1157	0	0	FULL	1	680428
405	264	127	0	250	0	0	FULL	1	391613
368	223	165	5832	757	0	0	ALL_EDGES	5	980060
255	200	283	0	250	0	0	ALL_EDGES	2	656810
408	181	196	14	768	0	0	FULL	2	106982
268	193	261	13	381	0	0	FULL	2	479624
379	203	201	6959	1347	22	19	FULL	2	509718
391	245	162	15	1409	12	12	FULL	2	38663
309	222	196	0	335	0	0	FULL	1	733349
356	246	200	17	463	18	18	FULL	1	757718
359	290	149	0	1358	0	0	FULL	1	51242
482	290	139	39	2264	19	25	FULL	2	156307
350	252	209	18	1057	6	13	FULL	1	679124
415	243	184	5217	492	0	0	CORNERS	1	780285
386	315	103	0	814	0	0	FULL	3	915467
337	205	269	18	250	0	0	FULL	4	665510
307	183	293	396	944	24	22	FULL	2	674073
445	230	122	12	250	14	15	FULL	2	880447
458	289	117	15	376	33	34	FULL	1	411146
361	296	163	1190	554	15	18	FULL	3	888257
287	177	306	0	250	0	0	FULL	1	941081
289	265	228	17	615	6	9	FULL	1	128649
304	202	237	14	579	0	0	FULL	1	443619
414	280	168	1638	415	0	0	FULL	4	13246
403	266	153	16	1100	23	30	FULL	1	631915
341	258	165	4103	250	13	13	FULL	3	108916
302	231	209	0	426	0	0	ALL_EDGES	1	756340
444	378	80	13	515	0	0	ALL_EDGES	1	361150
362	269	168	16	612	0	0	FULL	2	421257
357	197	262	0	419	38	38	FULL	1	870882
350	269	197	1073	250	0	0	FULL	5	58549
321	219	193	13	250	0	0	FULL	2	30269
302	155	287	13	250	24	24	FULL	1	867448
325	232	246	18	250	0	0	FULL	1	489877
391	218	170	0	888	8	7	FULL	2	168876
371	276	180	18	1119	27	25	FULL	5	778144
484	257	149	0	566	14	15	FULL	3	34013
364	261	174	2887	382	0	0	FULL	4	715310
304	247	259	12714	2000	21	21	ALL_EDGES	1	557414
328	233	189	1305	475	0	0	FULL	5	98089
378	286	134	0	443	20	26	FULL	5	840178
377	334	99	12	706	42	41	FULL	2	27875
295	264	173	13	547	19	22	FULL	1	245633
403	215	225	39	489	0	0	FULL	1	99398
310	229	218	15	645	0	0	FULL	2	985314
441	402	88	15	355	14	13	FULL	2	633975
440	258	163	18	668	0	0	FULL	1	552852
351	241	172	14	423	19	18	FULL	1	435523
298	201	208	12	590	0	0	FULL	7	573748
299	150	302	0	250	30	29	ALL_EDGES	1	907977
261	235	204	12	483	0	0	FULL	5	848952
339	329	166	37	320	15	17	ALL_EDGES	1	525534
407	203	164	1957	1185	0	0	FULL	3	336175
326	239	198	15	250	30	30	FULL	7	940744
335	294	137	2646	250	0	0	FULL	4	683560
325	253	212	17	719	0	0	ALL_EDGES	2	334829
355	312	141	4123	250	13	8	FULL	1	414851
443	353	93	1145	470	0	0	FULL	2	459787
359	256	180	16	576	0	0	FULL	1	617541
256	205	276	14	893	0	0	FULL	15	265508
466	297	141	19	1672	21	25	FULL	2	755816
359	194	238	16	598	0	0	FULL	1	503653
290	184	308	3151	481	0	0	FULL	1	460950
270	181	256	25	250	0	0	FULL	1	767850
347	263	202	37	316	24	27	FULL	1	515852
345	274	195	0	250	39	37	FULL	1	587092
425	257	133	14	546	23	20	FULL	3	836227
362	199	187	13	413	28	31	FULL	2	965543
274	206	259	14	512	0	0	ALL_EDGES	1	72700
341	248	231	0	435	0	0	FULL	2	129944
421	219	168	15	250	0	0	ALL_EDGES	2	932466
337	237	194	15	461	21	18	FULL	3	462109
467	337	98	1922	250	0	0	FULL	3	749574
327	228	249	18	559	0	0	FULL	1	319818
352	253	174	15	1178	17	17	FULL	1	590327
273	218	210	1062	467	0	0	FULL	3	435887
346	217	205	0	250	0	0	FULL	1	113130
390	251	168	16	482	21	24	FULL	2	210201
333	270	184	0	759	6	3	FULL	2	595221
369	231	217	4847	972	8	9	ALL_EDGES	2	302178
352	218	176	13	359	0	0	FULL	1	819490
335	233	198	3100	1065	0	0	FULL	1	485997
421	261	151	16	484	0	0	FULL	3	136010
343	282	150	2088	420	38	42	FULL	3	405551
505	261	117	0	488	15	22	FULL	2	310557
418	230	207	20	1241	0	0	FULL	1	337592
350	236	200	16	694	0	0	FULL	3	781125
374	302	111	2787	250	0	0	FULL	5	890784
339	265	218	19	417	30	28	FULL	2	525212
358	315	138	15	598	0	0	FULL	7	564514
272	229	249	15	382	29	35	FULL	2	614974
354	246	177	3658	392	15	15	FULL	4	3188
277	197	284	0	511	0	0	FULL	2	84338
518	232	137	1089	1246	0	0	FULL	2	270370
342	217	249	0	367	0	0	FULL	7	782131
406	190	201	1100	555	0	0	ALL_EDGES	5	297571
370	217	218	0	1762	18	25	FULL	1	981317
475	346	100	2343	887	13	12	FULL	1	440399
442	253	157	3132	1238	0	0	FULL	3	451536
402	298	129	1503	1435	0	0	FULL	2	126286
476	366	77	0	384	20	24	FULL	1	250357
391	324	146	3866	450	19	23	FULL	1	700356
339	253	215	18	250	0	0	FULL	2	717576
248	194	321	3425	1125	0	0	FULL	1	237812
278	168	269	0	451	0	0	FULL	1	524832
350	212	248	37	446	7	5	FULL	1	767774
346	204	235	16	250	24	29	FULL	1	452725
384	299	135	961	621	0	0	FULL	2	422182
372	219	177	14	1451	0	0	ALL_EDGES	1	824514
420	279	166	39	821	20	21	FULL	3	503143
440	326	115	2574	702	27	26	FULL	3	469764
246	187	337	15	706	29	29	FULL	1	349204
283	246	265	18	1104	15	18	FULL	1	439978
284	187	366	3568	847	20	21	FULL	4	813011
318	228	187	1660	250	30	33	FULL	3	453347
279	237	189	12	253	21	23	FULL	2	361408
403	229	135	0	250	15	18	FULL	4	846970
280	191	290	992	640	0	0	FULL	1	840508
393	279	177	19	658	0	0	FULL	3	433283
333	211	220	15	1027	0	0	FULL	1	978592
354	242	192	0	409	15	17	FULL	2	562067
259	177	336	15	860	0	0	FULL	3	958114
402	288	125	14	1323	27	36	FULL	2	331043
292	183	233	1900	349	24	27	FULL	2	988221
371	227	219	6216	926	0	0	FULL	2	403839
435	291	122	6634	956	0	0	FULL	2	774267
366	202	224	16	360	19	27	FULL	2	486412
434	269	133	5890	250	0	0	FULL	2	912865
460	290	150	0	599	0	0	FULL	1	848117
360	232	234	19	309	14	16	FULL	6	812977
268	222	211	3462	851	17	19	ALL_EDGES	11	186926
332	354	157	6789	711	9	10	FULL	2	847411
283	219	235	14	610	0	0	FULL	2	912763
344	253	179	15	250	12	12	FULL	1	897091
429	213	202	3940	847	0	0	FULL	2	212516
323	242	224	17	425	0	0	FULL	3	206475
378	275	150	1333	410	22	23	FULL	2	483702
362	288	119	2250	250	22	25	FULL	1	874221
366	248	170	0	969	0	0	FULL	1	424576
326	271	209	0	1046	40	40	FULL	2	768333
379	245	156	0	311	27	26	FULL	1	653160
317	237	259	3198	250	0	0	FULL	5	466967
387	328	122	15	312	33	35	FULL	8	480282
303	212	227	29	433	3	1	FULL	4	30253
320	191	222	2335	590	0	0	FULL	3	158377
324	210	273	2775	1101	15	15	FULL	3	112617
382	239	159	14	752	8	12	FULL	1	930807
358	262	144	823	509	0	0	FULL	1	938527
351	306	173	18	250	0	0	FULL	1	303429
377	242	181	16	250	4	1	FULL	2	336811
345	201	195	13	250	28	21	FULL	2	253990
356	223	158	12	932	26	22	FULL	1	264422
322	269	144	12	325	0	0	FULL	1	213118
341	286	169	0	936	26	27	FULL	4	394211
408	254	169	0	545	15	20	FULL	4	152439
430	308	118	31	383	0	0	FULL	1	418301
360	281	182	18	250	0	0	FULL	4	202537
362	318	134	15	1875	9	6	FULL	2	249466
360	265	131	0	489	8	13	ALL_EDGES	2	705207
392	274	145	0	813	15	17	FULL	2	315024
356	301	136	0	1099	0	0	FULL	1	59063
319	259	152	12	1213	25	25	FULL	2	646055
226	168	355	13	428	19	19	FULL	1	91045
379	275	149	15	459	0	0	FULL	1	99224
395	354	111	0	336	0	0	ALL_EDGES	1	152375
373	250	187	17	825	18	17	FULL	3	310219
427	238	123	0	345	0	0	FULL	1	280423
357	255	171	31	829	0	0	FULL	3	744831
358	202	242	17	324	0	0	CORNERS	1	230950
377	363	113	883	959	29	34	ALL_EDGES	3	294826
384	313	129	15	446	0	0	FULL	1	374918
426	269	170	19	567	0	0	FULL	2	986276
550	415	76	17	472	0	0	FULL	2	754819
292	250	171	12	723	8	10	FULL	2	987811
316	243	241	1628	296	6	5	FULL	2	15799
393	254	136	27	668	0	0	FULL	2	132747
252	184	353	4323	378	13	12	FULL	3	280594
375	257	151	14	250	13	12	FULL	2	724115
411	306	124	0	424	23	28	FULL	1	410166
352	264	199	1831	1581	15	19	FULL	1	501160
304	247	221	1782	378	34	33	FULL	5	880420
331	234	213	6418	429	13	17	FULL	4	234834
463	272	123	2557	250	25	25	FULL	2	121020
272	172	290	796	250	0	0	FULL	3	511121
327	249	190	1705	250	0	0	FULL	1	515457
315	286	205	37	672	0	0	FULL	4	659321
276	225	202	12	423	21	18	FULL	4	896630
360	245	198	0	974	0	0	FULL	1	702980
382	242	146	13	536	0	0	FULL	2	634986
355	224	170	0	250	2	5	FULL	2	958121
390	272	174	0	446	20	24	FULL	1	989785
320	283	149	4833	468	15	15	FULL	2	553801
324	205	263	6685	648	0	0	FULL	1	89075
248	187	334	0	378	3	0	FULL	5	105384
295	204	257	15	1289	0	0	ALL_EDGES	1	325327
546	269	112	4059	493	13	11	FULL	1	293636
367	258	164	1937	406	13	10	FULL	4	848666
405	338	120	16	542	0	0	FULL	1	722652
307	222	198	27	296	13	9	FULL	1	963606
391	327	122	15	638	0	0	FULL	1	307769
305	276	219	18	416	0	0	ALL_EDGES	2	499470
