290	226	114	7	461	23	25	FULL	4	904443
269	182	173	1011	521	0	0	ALL_EDGES	2	113762
341	205	107	7	516	0	0	FULL	3	40345
281	197	172	9	1142	0	0	FULL	5	608809
233	136	364	655	441	0	0	ALL_EDGES	1	920846
341	278	100	9	513	0	0	FULL	7	834436
382	193	115	8	436	0	0	FULL	2	296969
283	214	140	17	728	28	33	FULL	2	550490
289	191	153	0	1426	0	0	ALL_EDGES	2	601084
279	212	127	7	513	0	0	ALL_EDGES	2	764757
334	187	121	0	384	0	0	FULL	1	76276
338	240	142	11	545	0	0	FULL	3	249835
395	282	108	12	440	0	0	FULL	6	455799
345	236	142	11	1319	20	18	FULL	1	928874
382	189	132	9	1011	0	0	FULL	1	288694
420	208	109	1444	774	24	19	FULL	1	693035
246	141	246	17	471	45	49	FULL	1	970240
331	225	154	0	326	36	35	FULL	1	245510
211	182	195	465	602	23	21	FULL	4	603701
220	151	136	549	250	7	12	FULL	2	782727
215	174	148	5	377	7	7	FULL	3	297847
221	127	302	0	510	18	17	FULL	4	167853
316	192	174	0	671	0	0	FULL	5	675737
246	147	125	558	1928	15	15	ALL_EDGES	3	496111
309	182	204	0	1598	0	0	ALL_EDGES	2	706071
334	204	125	0	377	20	21	FULL	2	736048
261	190	233	0	255	0	0	ALL_EDGES	3	401360
252	190	218	10	250	0	0	ALL_EDGES	1	747695
223	116	174	693	560	0	0	ALL_EDGES	3	172114
249	175	149	1573	806	22	21	FULL	2	283283
327	177	165	323	455	0	0	FULL	1	24422
321	149	157	1800	1353	6	5	FULL	3	846426
284	223	182	3289	874	0	0	FULL	2	17799
325	235	138	1701	415	0	0	FULL	3	476479
225	157	183	0	250	36	37	FULL	1	528593
220	153	133	0	1039	0	0	FULL	2	165372
305	196	159	4113	569	29	32	FULL	8	502874
279	183	225	0	547	24	20	FULL	3	461307
293	166	134	0	987	0	0	FULL	1	274021
301	248	101	0	465	27	26	FULL	1	218399
399	194	149	11	1034	0	0	FULL	2	721036
310	250	123	9	923	0	0	FULL	1	890653
227	164	228	8	298	0	0	FULL	3	757619
290	188	212	655	250	30	37	FULL	3	419666
273	172	180	3723	922	13	12	FULL	2	278629
405	293	101	2232	250	15	15	FULL	3	400751
228	160	124	405	372	5	8	FULL	2	58566
371	242	84	0	483	16	16	FULL	8	911484
285	165	244	11	579	0	0	FULL	2	539372
310	165	108	5	509	13	13	FULL	1	714938
273	191	229	0	393	8	9	FULL	4	625091
277	183	187	9	809	0	0	FULL	1	360637
273	213	162	427	1019	0	0	FULL	2	549362
247	237	196	11	429	21	18	FULL	1	450826
219	183	213	0	578	21	23	FULL	3	6131
304	273	126	10	1083	36	37	FULL	1	984616
378	153	129	1545	321	0	0	FULL	1	540075
290	309	117	10	539	20	20	ALL_EDGES	5	598940
289	230	172	0	469	9	14	ALL_EDGES	3	246891
280	228	134	1292	419	18	23	FULL	2	407653
274	146	288	11	601	0	0	FULL	1	145625
288	222	133	1207	462	0	0	FULL	1	945346
286	198	150	8	294	31	34	FULL	1	153179
231	154	125	1350	1096	16	16	FULL	1	530593
292	204	76	4	250	0	0	FULL	4	576600
288	216	186	11	250	27	24	FULL	1	518329
154	126	182	0	549	0	0	FULL	4	539611
332	165	209	230	250	0	0	FULL	1	170726
198	112	157	196	388	19	25	FULL	2	796473
337	128	268	11	430	23	18	FULL	3	213039
260	161	108	0	456	0	0	FULL	1	928550
327	280	104	1197	470	0	0	FULL	2	189159
290	186	139	7	360	16	13	FULL	4	454619
263	219	165	779	250	20	16	FULL	2	826566
304	231	149	3192	333	16	18	FULL	4	396071
246	154	197	7	250	0	0	FULL	3	845917
263	215	151	765	1111	17	16	FULL	2	692859
317	277	97	17	386	0	0	FULL	1	255341
278	268	114	8	366	0	0	FULL	2	764469
221	166	231	0	250	28	27	FULL	2	133447
327	184	125	0	313	0	0	FULL	4	620473
305	213	116	1860	546	0	0	FULL	2	20201
275	185	226	2449	425	0	0	FULL	1	512749
272	205	152	8	327	13	17	ALL_EDGES	2	487924
334	192	180	1656	537	8	11	FULL	2	290660
176	122	447	19	250	0	0	FULL	1	543761
288	214	121	1245	250	0	0	FULL	1	517910
302	193	94	5	340	36	36	ALL_EDGES	2	69048
404	208	143	12	684	16	16	ALL_EDGES	1	103051
398	222	119	21	752	18	14	FULL	4	795549
269	215	95	5	250	14	17	FULL	7	936955
239	190	100	144	1654	34	32	FULL	2	548086
243	168	233	1805	520	0	0	FULL	2	171371
442	351	74	11	445	23	22	FULL	1	736195
273	237	185	12	405	0	0	FULL	2	240289
271	138	120	4	250	11	2	FULL	2	560186
265	182	197	9	825	0	0	FULL	3	263968
306	227	122	535	250	0	0	FULL	1	784472
197	162	141	1782	976	5	11	FULL	1	588616
255	193	172	748	778	12	11	FULL	2	658396
304	247	140	0	275	0	0	FULL	5	548259
351	147	224	0	862	8	6	FULL	1	629126
315	207	145	9	267	0	0	FULL	1	949240
369	303	103	2461	250	32	33	FULL	1	263887
299	174	222	310	254	3	4	FULL	1	12255
212	163	130	0	623	13	12	FULL	1	657317
392	256	114	11	293	0	0	FULL	2	212375
315	191	125	0	384	0	0	FULL	4	794498
306	251	136	1281	983	0	0	FULL	5	255022
280	274	150	0	666	0	0	FULL	9	819689
202	189	222	357	355	13	17	FULL	1	594689
242	158	274	787	533	13	9	FULL	3	251584
239	150	210	22	710	0	0	FULL	3	5266
284	190	157	586	387	0	0	FULL	2	628479
319	194	169	3664	1131	0	0	FULL	2	157232
409	236	88	595	656	0	0	FULL	1	634054
187	100	350	0	461	25	29	FULL	2	892705
301	191	200	3346	784	8	9	FULL	3	669862
322	167	213	2127	530	28	31	FULL	2	371698
250	152	197	0	283	0	0	ALL_EDGES	2	543467
228	166	171	1683	510	0	0	FULL	4	126087
281	197	154	8	671	17	19	FULL	1	793452
280	205	131	7	407	27	29	FULL	3	470526
296	206	91	1111	1117	12	11	ALL_EDGES	5	450241
281	203	132	1665	1125	0	0	FULL	1	786960
363	231	101	1691	310	0	0	FULL	4	303152
249	148	229	8	905	9	9	FULL	2	698215
196	119	194	4	446	0	0	FULL	1	16018
267	221	93	11	520	30	29	FULL	1	968462
348	195	169	11	1004	9	14	FULL	4	385658
258	191	233	3197	800	0	0	FULL	1	502413
321	294	122	11	564	18	21	FULL	3	704641
252	232	204	12	736	19	17	FULL	1	318237
459	160	116	8	476	0	0	FULL	2	693312
248	162	112	4	799	0	0	FULL	1	478890
291	243	106	0	379	19	19	FULL	1	202629
397	155	154	2660	250	19	24	FULL	1	600450
327	182	193	3657	525	0	0	FULL	5	430259
235	148	158	0	713	28	29	FULL	1	445473
403	243	117	1851	680	6	6	FULL	2	960365
353	253	106	9	250	17	18	FULL	1	534178
278	169	202	19	498	17	18	FULL	2	908214
268	234	88	11	551	27	27	FULL	1	591500
243	151	313	34	1357	0	0	ALL_EDGES	1	762083
356	228	130	1858	628	0	0	FULL	8	45935
337	198	112	7	431	7	7	FULL	1	68806
328	218	161	11	484	28	32	FULL	1	529136
283	224	149	9	377	20	19	FULL	1	164251
373	198	142	10	261	25	21	FULL	1	325641
330	284	123	11	953	0	0	FULL	1	507141
409	256	110	23	540	0	0	FULL	2	659168
309	221	139	1881	482	16	19	FULL	3	531058
318	151	198	342	250	0	0	ALL_EDGES	1	455631
324	201	177	11	704	0	0	ALL_EDGES	1	351114
323	243	134	21	354	0	0	FULL	3	578092
256	170	196	8	284	0	0	FULL	1	285832
279	229	149	9	1466	14	18	FULL	1	89586
284	151	151	0	904	0	0	FULL	7	213345
201	175	129	4	626	0	0	FULL	3	210979
242	115	340	9	250	21	23	FULL	1	976862
225	194	195	0	1095	18	28	ALL_EDGES	1	113796
314	254	144	0	273	0	0	FULL	1	342633
249	136	162	11	562	31	36	FULL	3	365342
334	263	97	8	798	22	22	FULL	1	706317
311	254	133	10	250	14	16	FULL	2	885918
259	199	126	6	710	15	14	FULL	1	75208
268	134	124	1305	658	0	0	FULL	1	936537
332	264	108	1681	588	40	42	FULL	1	748553
214	151	140	4	274	35	32	FULL	1	848606
314	219	109	922	596	0	0	FULL	1	864016
192	169	140	630	431	0	0	FULL	1	565596
431	182	147	11	729	0	0	FULL	1	188918
323	274	119	0	701	18	23	FULL	1	851817
344	251	133	644	250	0	0	FULL	1	821706
331	231	112	8	474	7	10	FULL	3	175360
348	184	165	0	1163	0	0	FULL	1	610147
215	147	142	1143	441	0	0	ALL_EDGES	3	234568
296	189	152	8	250	28	30	FULL	2	924577
282	154	104	526	557	25	25	FULL	2	135266
331	287	126	936	306	0	0	FULL	1	365507
297	125	203	345	379	0	0	ALL_EDGES	6	251054
268	162	242	10	519	0	0	FULL	2	347642
269	279	127	9	250	31	34	FULL	4	856343
326	202	174	2553	250	0	0	FULL	2	962159
350	232	130	10	250	11	14	FULL	2	70710
324	196	181	0	752	0	0	FULL	3	115918
317	227	146	4210	606	0	0	FULL	3	244010
329	192	182	0	532	0	0	FULL	3	495176
264	166	171	0	272	11	15	FULL	2	919843
263	160	155	13	250	0	0	FULL	3	98876
405	242	118	11	879	24	26	FULL	1	536857
226	190	105	0	420	18	21	FULL	3	947976
296	197	179	10	593	0	0	FULL	2	660665
219	141	146	787	517	0	0	FULL	1	456987
235	154	179	13	250	0	0	ALL_EDGES	1	181829
275	250	153	0	1650	0	0	FULL	2	798034
213	191	209	8	312	0	0	FULL	2	312237
416	212	130	11	489	17	16	FULL	1	508228
274	138	199	645	918	0	0	FULL	1	956104
333	233	122	9	525	0	0	FULL	1	426009
315	218	168	11	319	0	0	FULL	4	73165
230	160	310	1702	250	0	0	FULL	6	14205
300	232	123	977	266	6	13	FULL	2	905635
362	264	110	2289	250	25	22	FULL	1	631058
380	283	88	1510	250	22	24	FULL	5	700318
331	254	101	8	857	0	0	FULL	2	627862
212	122	173	571	391	0	0	FULL	1	486089
238	132	336	2509	1096	29	31	FULL	1	119186
252	180	187	1105	453	26	26	FULL	2	479175
215	171	176	6	449	9	7	FULL	6	110777
272	167	99	9	250	29	31	FULL	1	734060
237	172	110	355	402	20	21	FULL	4	218955
415	243	119	12	573	22	23	FULL	1	468393
276	202	171	0	649	0	0	FULL	2	318089
272	191	145	7	670	0	0	FULL	1	389902
250	175	80	595	646	0	0	FULL	2	528111
251	174	171	7	250	17	21	FULL	1	385452
252	232	95	5	503	0	0	FULL	5	644727
344	215	155	1288	268	0	0	FULL	6	883806
375	210	108	8	783	20	24	FULL	1	297819
252	191	238	11	771	19	23	FULL	5	509534
263	197	144	0	836	11	10	ALL_EDGES	1	358860
307	273	102	340	848	52	53	FULL	1	414842
258	178	163	0	250	0	0	FULL	4	320868
317	225	120	0	474	0	0	FULL	2	958635
247	142	241	0	386	17	22	FULL	1	961210
306	219	157	4011	250	34	31	FULL	2	2925
294	229	156	504	680	23	23	FULL	3	848534
296	253	141	619	367	0	0	FULL	1	122396
337	209	135	0	845	0	0	FULL	3	105936
363	232	113	1852	847	29	31	FULL	2	324729
197	173	131	900	446	21	24	FULL	1	808098
337	298	114	2426	250	0	0	FULL	4	278469
240	161	169	6	282	0	0	FULL	1	586124
365	249	115	5208	1513	0	0	FULL	3	970184
386	318	94	11	277	0	0	FULL	1	184308
271	246	172	11	849	0	0	FULL	3	402615
300	265	106	1853	456	0	0	FULL	2	632153
411	250	116	0	653	0	0	FULL	2	35448
286	148	130	0	346	21	19	FULL	1	342843
326	268	98	714	459	0	0	FULL	1	127613
337	222	160	2748	1427	0	0	FULL	1	485375
322	236	151	11	291	15	12	ALL_EDGES	4	238064
232	161	228	0	443	0	0	FULL	1	747114
282	163	119	0	741	0	0	ALL_EDGES	4	766756
306	217	68	4	1560	0	0	FULL	3	187210
343	193	129	926	621	0	0	FULL	1	824949
335	204	168	0	330	30	33	FULL	7	28381
309	221	154	21	454	0	0	FULL	3	333739
417	215	139	12	250	0	0	ALL_EDGES	1	65674
344	217	168	12	250	0	0	FULL	1	204991
353	278	188	0	399	22	24	FULL	1	80658
460	290	123	16	291	0	0	FULL	1	458953
335	202	200	1255	595	0	0	FULL	1	19917
357	291	159	3250	589	0	0	FULL	4	108850
365	255	210	19	948	0	0	FULL	1	327831
311	178	354	19	789	38	35	FULL	2	337032
352	223	223	3710	250	0	0	FULL	1	193371
396	261	150	15	449	0	0	FULL	2	412496
421	297	100	1412	370	39	47	FULL	2	453919
354	233	164	1053	429	0	0	FULL	1	195005
343	216	209	15	458	17	21	FULL	5	606220
439	297	126	4339	333	15	17	FULL	2	811340
415	281	167	3451	250	36	37	FULL	1	538459
460	368	110	5198	1414	0	0	FULL	1	232170
277	257	203	14	448	0	0	FULL	3	319833
306	172	293	15	250	0	0	FULL	2	629166
324	245	207	16	577	0	0	FULL	5	68668
383	237	171	0	250	17	20	FULL	1	226737
366	233	205	2905	899	0	0	FULL	2	799641
357	235	172	14	618	0	0	FULL	1	221539
362	253	201	18	334	21	13	FULL	4	792101
319	241	189	536	982	0	0	FULL	5	70981
464	315	99	0	273	35	36	FULL	2	500120
352	229	192	6200	521	16	19	ALL_EDGES	1	77645
415	265	123	13	250	0	0	FULL	2	603765
262	214	243	27	490	30	31	FULL	1	742143
270	158	364	3131	306	18	17	FULL	4	142747
344	187	194	12	319	0	0	FULL	1	422783
335	238	194	7595	1258	32	32	FULL	1	559220
351	258	161	2146	619	5	5	FULL	2	956178
402	245	167	16	416	22	25	FULL	1	443836
487	328	116	4606	416	29	30	ALL_EDGES	3	609298
411	286	166	19	594	32	35	FULL	1	850729
399	257	161	16	570	0	0	FULL	1	44440
288	262	205	2061	250	0	0	FULL	2	15766
395	392	100	5502	342	12	10	FULL	2	398802
360	213	243	18	1289	15	20	FULL	1	124169
360	204	184	13	269	7	7	FULL	2	664784
467	262	102	12	250	0	0	ALL_EDGES	1	957474
363	244	198	5057	1253	6	5	FULL	2	956606
355	203	201	0	716	0	0	FULL	1	633543
300	189	273	1767	833	17	15	FULL	3	497
383	253	181	17	392	56	58	FULL	3	317914
410	199	166	4104	744	0	0	FULL	3	782324
355	229	191	3797	848	0	0	FULL	3	581434
485	356	90	1875	570	0	0	ALL_EDGES	5	312598
365	255	209	19	798	0	0	FULL	2	324883
534	431	85	0	774	37	43	FULL	1	781052
362	259	144	0	435	0	0	FULL	1	612028
303	186	221	0	250	14	19	FULL	2	351882
323	249	242	19	1170	0	0	FULL	1	741561
390	257	174	0	338	24	24	FULL	2	22991
387	249	192	18	681	0	0	FULL	1	919613
358	285	123	12	406	0	0	FULL	1	639952
302	247	222	0	274	11	11	FULL	2	601884
354	291	161	0	421	6	13	FULL	6	534176
391	205	181	14	682	22	22	FULL	3	375964
292	210	221	13	250	11	18	FULL	2	32268
421	223	144	27	736	0	0	FULL	2	338837
338	260	177	15	489	0	0	FULL	3	366059
434	317	142	19	268	27	28	FULL	5	200772
472	241	137	4448	853	0	0	FULL	2	350606
386	248	152	14	371	0	0	FULL	1	251886
436	277	153	18	380	5	7	FULL	2	61809
339	302	195	0	566	0	0	FULL	1	676276
378	272	131	13	541	25	21	FULL	1	874806
390	289	155	1662	250	11	16	FULL	8	400485
444	185	177	29	317	0	0	FULL	2	175702
414	294	160	19	250	24	23	FULL	3	277516
423	282	155	18	373	31	30	FULL	2	509265
382	147	223	0	586	22	22	FULL	2	686427
412	204	148	0	250	0	0	FULL	3	161599
312	169	294	15	422	5	6	FULL	2	727536
527	236	160	0	570	0	0	FULL	3	273173
290	225	239	0	350	0	0	ALL_EDGES	1	799109
573	342	69	13	755	27	28	ALL_EDGES	1	525664
417	298	140	2870	250	0	0	FULL	6	458258
399	273	134	4509	250	0	0	FULL	2	556767
254	132	403	1012	736	20	17	FULL	1	316490
498	365	85	31	1275	0	0	ALL_EDGES	2	943959
350	266	145	0	488	0	0	FULL	3	71802
332	150	272	13	666	32	32	FULL	3	703310
277	171	329	0	332	7	6	FULL	1	214773
429	309	117	1488	868	22	26	FULL	1	803237
276	297	213	4655	250	23	23	ALL_EDGES	1	834135
369	230	171	14	250	0	0	ALL_EDGES	1	192015
263	167	446	3256	780	14	21	FULL	1	971203
385	216	187	15	345	2	3	ALL_EDGES	1	309877
289	234	244	16	1726	0	0	ALL_EDGES	1	435413
408	230	134	12	643	0	0	ALL_EDGES	1	255273
452	355	122	0	250	0	0	FULL	1	116280
333	269	195	4952	332	8	10	FULL	3	405786
350	219	163	5075	343	0	0	FULL	1	224257
424	288	127	15	250	0	0	FULL	10	896595
382	298	136	0	971	0	0	FULL	4	541233
327	280	181	0	250	17	16	FULL	3	99860
279	235	282	0	272	0	0	ALL_EDGES	2	34570
272	209	324	18	650	0	0	FULL	3	135116
328	277	148	0	527	11	9	ALL_EDGES	2	893460
423	277	123	14	878	0	0	ALL_EDGES	1	980736
300	237	275	3490	605	16	21	FULL	2	629712
363	241	224	7215	251	0	0	FULL	1	230750
335	168	240	27	250	0	0	FULL	1	977782
312	245	163	3100	453	22	30	FULL	5	304067
484	296	101	14	809	0	0	FULL	3	211187
498	240	129	1472	1026	20	26	FULL	2	260642
386	264	133	2659	267	15	14	FULL	1	266861
249	124	439	13	855	0	0	FULL	1	604309
401	286	135	15	439	20	18	FULL	2	476944
346	275	152	2465	515	12	8	FULL	4	357277
300	224	230	0	715	32	35	ALL_EDGES	2	742263
387	395	95	1116	250	0	0	FULL	4	593779
280	253	275	19	511	16	15	FULL	2	998987
338	186	230	0	1212	15	21	ALL_EDGES	1	979227
421	309	111	14	659	0	0	FULL	2	390095
396	249	178	0	631	28	31	FULL	1	351687
484	276	150	20	661	7	11	FULL	1	223997
329	245	181	0	1962	0	0	FULL	1	689992
294	248	212	15	854	0	0	ALL_EDGES	1	555857
381	204	199	15	359	25	23	FULL	5	260531
401	259	187	2866	1807	0	0	FULL	5	708808
310	241	208	31	444	0	0	ALL_EDGES	3	729973
422	238	134	3078	600	0	0	FULL	4	964468
322	214	283	19	468	23	26	FULL	3	596334
240	167	336	13	1115	19	24	ALL_EDGES	2	38440
293	239	178	25	810	0	0	FULL	3	46984
453	380	114	39	378	40	41	FULL	5	825548
344	264	149	13	502	19	18	FULL	1	700374
382	249	162	15	332	0	0	FULL	8	895643
369	233	192	1270	737	12	13	FULL	1	83972
250	176	353	0	250	0	0	FULL	1	813695
270	204	228	0	1324	9	10	FULL	1	962081
266	190	307	0	329	0	0	FULL	1	748967
324	284	147	3483	627	9	15	FULL	1	450117
353	267	143	13	558	39	36	ALL_EDGES	2	257747
371	194	215	1038	836	0	0	FULL	3	718059
276	195	234	25	723	0	0	FULL	3	876223
390	227	220	1774	1680	0	0	FULL	1	901144
307	203	265	16	976	0	0	FULL	2	28211
503	293	132	0	542	11	10	FULL	7	386026
387	274	164	5040	406	28	28	ALL_EDGES	1	311521
298	184	228	2137	571	19	20	ALL_EDGES	1	464706
408	294	130	1302	679	0	0	FULL	1	589825
303	212	210	0	783	18	23	FULL	2	265234
321	244	211	16	1164	33	26	FULL	3	143728
448	375	116	19	301	0	0	FULL	3	624910
365	262	152	43	324	15	16	FULL	2	76279
296	268	220	17	469	0	0	FULL	5	633970
300	259	212	16	250	0	0	FULL	1	93956
369	247	204	3126	364	24	25	FULL	3	11093
311	232	256	18	452	13	15	ALL_EDGES	4	622464
242	212	321	16	250	0	0	FULL	3	101612
387	270	139	14	250	6	9	FULL	1	217644
326	224	172	0	983	0	0	FULL	1	17067
324	199	209	1822	273	20	24	FULL	2	676834
380	241	169	15	250	0	0	FULL	3	790089
351	289	163	33	463	7	5	FULL	1	98938
310	210	284	5827	556	14	14	FULL	1	254122
383	350	108	14	802	38	41	FULL	1	430314
528	290	101	0	253	0	0	FULL	1	758755
371	218	154	12	832	0	0	FULL	3	453791
383	312	113	0	250	19	18	FULL	3	219607
413	231	210	3760	1015	0	0	FULL	1	95296
317	228	202	3610	471	0	0	FULL	2	175435
381	218	198	0	437	0	0	FULL	4	297326
333	264	210	888	784	39	39	FULL	2	592845
367	187	256	17	334	9	11	FULL	2	922917
333	299	166	16	337	0	0	FULL	1	111804
329	277	182	2376	681	0	0	FULL	5	352625
488	376	90	16	875	12	15	FULL	1	363071
376	210	248	3315	470	29	29	FULL	15	278831
275	192	237	850	425	0	0	FULL	5	340360
341	216	210	15	402	24	21	FULL	2	741265
456	306	143	20	730	0	0	FULL	1	177460
356	282	165	0	581	35	35	FULL	2	426929
290	216	198	0	910	0	0	FULL	2	252890
375	270	194	2710	471	0	0	FULL	2	40771
434	303	111	2349	886	0	0	FULL	1	680694
436	305	116	31	968	18	19	FULL	2	149839
474	268	138	17	289	0	0	FULL	1	990566
376	238	174	15	382	26	26	FULL	2	814710
372	266	126	0	935	0	0	FULL	7	580779
385	228	176	4929	817	0	0	ALL_EDGES	1	680754
383	250	182	17	354	0	0	FULL	1	172960
323	278	162	4625	334	25	29	FULL	1	911444
288	202	266	3270	902	0	0	FULL	3	139734
319	235	166	2025	940	24	24	FULL	7	565039
509	273	126	3675	423	0	0	FULL	2	265206
416	289	146	17	250	0	0	FULL	2	947659
383	299	136	0	252	0	0	FULL	2	127919
259	193	312	2433	714	0	0	FULL	1	546195
250	182	318	14	1479	0	0	FULL	1	492441
329	200	235	15	250	0	0	ALL_EDGES	3	34671
309	220	258	840	575	0	0	FULL	1	537763
368	292	153	16	954	12	13	FULL	2	108546
396	231	214	19	498	0	0	FULL	2	574800
406	211	157	27	258	17	23	FULL	1	197910
346	274	132	12	250	0	0	FULL	1	208714
373	305	172	6435	813	0	0	FULL	1	767864
409	265	152	0	421	16	21	FULL	1	822214
380	194	197	14	370	0	0	FULL	2	261811
355	253	183	1303	797	0	0	FULL	1	380268
400	268	187	3460	250	10	8	FULL	1	723532
359	198	232	16	478	37	41	FULL	2	340681
394	188	210	0	832	25	27	FULL	1	77989
270	189	263	0	300	18	23	FULL	2	793251
317	278	197	4900	568	0	0	FULL	3	954723
359	257	147	3307	570	0	0	FULL	1	361141
431	360	100	3503	628	26	29	FULL	1	721644
346	231	169	13	250	0	0	FULL	1	30423
281	195	281	0	486	0	0	FULL	2	543962
429	248	146	0	393	24	24	FULL	3	603361
254	194	273	4711	250	19	14	FULL	2	473842
470	325	101	31	525	26	27	FULL	2	368757
279	243	215	29	858	0	0	FULL	1	601392
343	234	181	0	250	0	0	FULL	2	832593
410	227	188	1907	402	27	31	ALL_EDGES	1	624205
296	235	208	29	308	0	0	FULL	2	910381
535	283	129	19	413	6	6	FULL	2	88194
293	192	276	31	892	0	0	FULL	2	751830
337	205	282	39	326	0	0	FULL	5	524180
311	171	367	3880	442	32	31	FULL	3	435906
261	189	253	3775	311	27	24	FULL	1	490645
436	341	124	18	455	20	19	FULL	3	866297
321	206	265	17	859	0	0	FULL	2	533908
432	301	96	862	347	0	0	FULL	8	962101
302	237	217	15	250	30	29	FULL	1	100800
365	273	186	2608	353	0	0	FULL	8	309291
318	209	263	0	582	21	23	FULL	1	453875
276	201	332	18	251	33	33	FULL	4	95254
347	210	212	15	525	30	32	ALL_EDGES	4	602582
319	242	200	31	1131	0	0	FULL	2	757977
342	262	139	1425	818	0	0	FULL	1	661582
331	240	170	27	518	0	0	FULL	2	527048
499	267	131	0	250	0	0	FULL	1	362652
298	168	309	2464	662	0	0	FULL	1	589026
373	315	149	17	459	0	0	FULL	5	265755
345	172	277	16	250	0	0	FULL	1	783116
328	267	165	14	250	6	5	ALL_EDGES	2	48550
324	240	174	27	924	46	42	FULL	2	38736
250	202	368	18	627	21	17	FULL	1	183421
322	230	208	1968	451	11	11	FULL	2	495746
389	306	147	17	372	0	0	FULL	1	809213
336	234	185	14	284	0	0	FULL	2	347050
347	160	278	4448	367	30	31	FULL	1	992553
354	262	156	14	606	0	0	FULL	2	799759
305	152	271	2087	500	0	0	FULL	1	424451
384	252	161	1937	603	12	11	ALL_EDGES	3	729593
402	349	89	12	592	0	0	FULL	3	800358
259	190	294	14	250	24	30	FULL	2	152756
331	279	189	6650	250	0	0	FULL	4	298507
377	253	204	0	250	35	39	FULL	2	231669
357	259	211	5421	711	0	0	FULL	2	857870
279	177	294	0	399	0	0	FULL	1	848777
349	261	170	15	319	0	0	FULL	1	781806
295	210	267	0	750	0	0	FULL	2	436818
403	253	192	19	1069	12	7	FULL	1	51136
304	234	246	17	481	8	13	FULL	1	364068
381	252	183	2590	539	0	0	FULL	4	148857
346	181	263	33	1169	34	35	FULL	1	277705
331	273	138	1312	422	0	0	FULL	2	412516
364	207	179	7290	1124	0	0	FULL	2	598841
352	240	183	0	521	0	0	FULL	3	224179
307	187	217	12	642	5	3	FULL	1	960520
390	186	214	2263	735	13	13	FULL	1	353415
455	253	161	2053	1100	23	21	FULL	1	896981
391	175	182	12	463	17	18	ALL_EDGES	1	270620
297	219	192	2262	1650	22	20	FULL	7	143624
369	280	159	0	544	34	37	FULL	5	153527
350	208	213	2960	250	15	16	FULL	3	361073
282	215	206	12	250	22	23	FULL	1	604671
355	214	165	12	587	0	0	ALL_EDGES	2	771222
439	232	133	0	773	0	0	FULL	3	301241
334	228	217	16	353	17	17	FULL	2	282857
332	259	156	729	250	0	0	FULL	2	566921
294	171	269	13	869	0	0	FULL	2	932128
323	210	229	15	577	23	21	FULL	2	848768
303	169	244	12	442	0	0	FULL	3	501441
374	253	153	29	1188	26	25	FULL	3	934661
327	194	244	2077	861	0	0	FULL	1	135571
289	222	210	3901	1207	0	0	FULL	4	184342
283	188	292	15	250	0	0	FULL	2	143604
400	289	142	0	416	0	0	FULL	2	802388
338	276	144	13	351	18	22	FULL	1	512826
272	222	274	3960	250	0	0	FULL	3	219427
464	306	130	18	1172	0	0	FULL	1	535927
358	202	201	29	711	8	7	FULL	2	449936
439	289	154	19	855	0	0	FULL	1	345516
349	282	147	0	692	0	0	FULL	1	469857
397	332	117	2883	250	0	0	ALL_EDGES	4	28883
340	206	250	9817	945	0	0	FULL	1	792787
404	252	162	16	250	24	25	FULL	1	408848
360	221	195	15	774	0	0	FULL	3	743776
371	279	150	15	250	0	0	FULL	4	330792
433	300	127	2161	765	0	0	FULL	1	751059
358	237	194	0	671	0	0	FULL	4	10357
282	223	231	14	1032	0	0	FULL	2	630524
301	184	315	17	446	0	0	FULL	1	685296
462	267	126	15	250	0	0	FULL	2	654061
335	267	185	16	547	5	5	FULL	2	903612
377	206	225	17	250	28	31	FULL	2	243490
381	241	136	1462	598	12	11	FULL	6	265339
256	225	219	2900	470	0	0	FULL	1	575508
365	275	145	14	510	0	0	FULL	3	727590
335	164	301	16	1171	31	23	FULL	4	871420
380	295	156	0	544	20	23	FULL	1	277787
323	231	234	6282	343	0	0	FULL	4	173502
342	157	251	0	538	12	9	FULL	1	402754
426	233	187	18	726	13	9	FULL	5	175464
400	261	167	17	250	10	9	FULL	2	793051
338	209	282	2600	319	0	0	FULL	4	736641
318	245	225	17	250	15	14	ALL_EDGES	1	248714
371	309	171	0	600	0	0	ALL_EDGES	1	240693
299	236	177	12	465	0	0	FULL	2	614946
336	266	163	14	439	0	0	FULL	1	869779
335	215	215	821	680	19	26	FULL	1	164203
381	235	139	887	250	0	0	FULL	1	817477
330	262	225	0	622	0	0	FULL	2	861525
396	287	137	1860	250	0	0	FULL	2	924924
428	160	240	16	615	0	0	FULL	2	627742
365	300	114	12	250	0	0	FULL	1	488701
432	337	127	5143	250	0	0	FULL	1	870251
365	213	161	0	650	23	25	FULL	3	593130
375	249	199	18	396	21	18	FULL	2	356577
351	238	221	37	250	0	0	FULL	4	440964
323	191	219	0	1130	25	18	ALL_EDGES	1	180375
330	241	158	0	250	11	11	FULL	7	752879
410	198	203	16	346	24	26	FULL	2	540818
312	311	129	4325	450	14	19	FULL	2	509674
352	247	213	3996	728	0	0	FULL	2	55437
306	186	289	1237	728	10	10	FULL	3	613081
351	231	203	16	1058	10	9	FULL	3	366010
439	297	134	1032	259	15	18	ALL_EDGES	4	513183
323	239	176	13	526	8	14	FULL	2	669268
334	287	140	0	558	0	0	FULL	2	90989
410	283	168	19	250	22	23	FULL	5	610027
287	260	261	19	617	27	28	FULL	1	895758
286	223	243	1705	892	0	0	FULL	1	105080
376	287	144	1534	296	0	0	ALL_EDGES	1	218790
398	283	155	2502	509	0	0	FULL	1	18771
339	293	157	15	703	0	0	FULL	1	466012
367	245	172	0	540	0	0	FULL	2	653641
302	207	312	19	250	0	0	ALL_EDGES	2	159371
318	251	181	1232	682	0	0	FULL	2	246424
332	226	219	0	573	0	0	FULL	1	326386
332	274	148	0	320	0	0	FULL	1	497520
359	299	181	39	250	25	33	FULL	1	503681
320	241	214	16	1389	15	12	FULL	2	490896
425	297	147	37	760	25	28	FULL	4	143512
344	255	211	0	325	14	16	FULL	1	455206
337	272	170	666	505	28	30	FULL	1	511684
393	296	107	1012	642	0	0	FULL	1	547046
323	255	151	7437	2000	6	12	FULL	1	28728
439	290	130	5098	477	7	13	FULL	2	794933
268	188	386	19	477	0	0	FULL	1	360104
342	249	146	25	551	26	26	ALL_EDGES	2	553320
420	280	166	2203	696	0	0	FULL	2	811196
328	282	146	1377	486	0	0	FULL	2	500798
307	271	186	0	360	28	35	FULL	3	625090
369	256	142	13	270	24	21	FULL	2	571414
364	270	147	565	998	0	0	FULL	2	923775
271	245	204	688	600	42	43	FULL	4	176349
392	364	129	37	250	14	11	FULL	4	671222
412	265	114	0	485	0	0	FULL	1	321936
452	301	143	19	447	32	32	ALL_EDGES	2	347226
329	269	221	6220	715	0	0	FULL	3	28703
309	211	253	0	250	0	0	FULL	6	514545
344	182	263	16	274	5	11	FULL	4	931362
459	256	158	3885	557	17	20	FULL	1	626435
395	176	222	3937	1105	0	0	FULL	1	993733
376	261	168	0	351	13	14	FULL	2	278844
307	195	208	12	741	0	0	FULL	2	232326
348	283	178	0	591	0	0	FULL	2	778888
293	181	292	15	423	35	40	FULL	4	171932
279	196	321	35	934	14	18	FULL	3	534576
323	218	234	16	1122	0	0	FULL	2	606749
323	188	271	0	250	3	5	FULL	3	288342
406	230	134	825	361	0	0	FULL	5	656634
321	226	199	4147	250	0	0	FULL	1	354178
325	243	197	0	1028	0	0	FULL	1	158625
271	258	236	4455	1420	29	31	FULL	2	814413
337	256	145	2887	842	34	32	FULL	1	112760
312	202	246	31	924	0	0	FULL	3	502800
354	212	179	27	691	23	24	FULL	2	623184
383	227	213	3256	375	25	23	FULL	1	167625
337	198	187	12	445	0	0	CORNERS	1	187028
393	242	195	4273	250	30	30	ALL_EDGES	3	255032
374	249	199	18	371	18	19	FULL	1	153719
462	307	137	0	1190	0	0	FULL	1	455463
464	272	115	0	615	0	0	ALL_EDGES	1	877448
352	276	139	4509	848	15	19	FULL	2	674422
281	233	266	1802	809	12	16	ALL_EDGES	2	616959
348	284	157	5409	460	0	0	FULL	1	576822
356	258	169	1488	691	0	0	FULL	1	970965
328	264	190	16	485	27	32	FULL	3	875243
279	217	238	29	752	0	0	FULL	1	827967
372	293	169	2146	355	0	0	FULL	2	596493
378	272	161	0	540	38	42	FULL	3	986153
483	240	116	3483	535	0	0	FULL	2	191835
369	277	152	1875	870	7	9	ALL_EDGES	1	151283
330	230	205	0	357	0	0	FULL	1	414994
340	239	190	15	1289	18	16	FULL	2	651687
403	337	114	1968	250	16	20	FULL	3	830921
471	290	114	3115	552	0	0	FULL	4	653720
547	283	126	19	591	0	0	FULL	2	464157
318	243	189	0	454	0	0	FULL	1	682971
356	267	152	14	275	16	13	FULL	2	906146
377	294	112	12	1007	0	0	FULL	2	613663
331	180	228	0	314	24	25	FULL	3	692774
437	324	109	3425	433	37	30	ALL_EDGES	1	380770
436	255	148	16	606	0	0	FULL	1	300616
339	272	190	35	411	7	9	ALL_EDGES	1	17400
362	295	187	0	466	0	0	FULL	1	15515
240	204	296	14	352	11	16	ALL_EDGES	1	384620
374	293	169	0	250	0	0	FULL	2	742563
365	253	211	19	487	38	34	FULL	3	353430
373	239	219	19	563	0	0	FULL	4	650073
289	240	180	2625	497	33	35	ALL_EDGES	1	769845
439	290	113	29	507	0	0	FULL	4	981017
303	233	233	16	441	0	0	FULL	3	707776
297	239	189	13	250	29	33	FULL	8	744035
301	207	201	25	998	23	22	FULL	2	29060
418	267	139	15	250	0	0	FULL	2	424289
390	301	149	17	975	5	5	FULL	1	2226
405	253	195	0	518	10	13	FULL	2	918247
366	252	190	5250	478	0	0	FULL	3	313304
341	206	236	4785	726	28	30	FULL	2	841325
354	300	173	0	1258	10	17	FULL	2	167765
459	266	144	0	932	0	0	FULL	6	889208
286	177	307	15	895	30	39	FULL	1	311310
405	300	111	2862	251	0	0	ALL_EDGES	2	956119
301	227	183	1675	1156	0	0	FULL	3	694066
349	247	179	15	606	0	0	FULL	4	301570
326	229	195	6960	934	0	0	FULL	1	887412
363	241	177	0	967	0	0	ALL_EDGES	2	370692
349	190	249	16	640	0	0	ALL_EDGES	1	643817
407	319	142	3441	775	0	0	FULL	2	933723
509	263	149	20	391	30	33	FULL	1	467335
342	235	169	1620	360	8	13	FULL	1	624818
287	185	255	2146	250	20	27	FULL	2	580601
384	228	222	19	278	0	0	FULL	2	822470
358	187	300	0	598	11	15	ALL_EDGES	1	306070
367	267	169	16	250	0	0	FULL	1	872480
315	225	190	0	783	15	12	ALL_EDGES	3	625676
297	188	278	15	917	0	0	FULL	3	791839
420	239	194	2730	482	20	26	FULL	1	709444
323	263	148	3625	602	0	0	FULL	3	818142
373	246	137	3000	250	19	24	FULL	2	956039
367	302	140	5161	566	0	0	FULL	1	799831
390	321	100	3412	826	13	13	FULL	4	984117
419	276	117	0	434	0	0	FULL	2	178804
314	253	196	0	1035	0	0	FULL	1	879054
310	221	182	1850	783	0	0	ALL_EDGES	1	445451
401	276	177	19	513	34	35	FULL	2	924595
385	317	119	14	718	0	0	ALL_EDGES	2	565125
288	196	257	0	483	18	17	FULL	1	58172
287	193	225	512	250	11	17	FULL	1	393926
398	298	122	29	583	26	29	FULL	1	566534
363	203	224	0	610	0	0	FULL	1	274497
284	222	293	37	390	12	20	FULL	6	156734
246	157	323	12	428	0	0	ALL_EDGES	6	694023
450	236	174	10304	1320	0	0	FULL	3	24798
384	222	170	0	250	0	0	FULL	1	980752
321	329	147	15	451	20	21	FULL	4	476549
250	143	350	0	302	0	0	FULL	1	463522
283	175	292	2363	361	0	0	FULL	5	276706
267	187	251	12	595	20	22	FULL	2	277368
297	174	281	14	556	22	23	FULL	1	610788
434	256	157	3815	250	0	0	FULL	4	951437
456	335	121	18	897	0	0	FULL	1	761162
268	183	295	14	999	24	24	FULL	2	368285
314	226	189	13	421	0	0	FULL	5	925948
292	238	266	18	484	34	33	FULL	1	451238
330	177	316	0	250	0	0	FULL	3	273952
312	240	246	2201	665	0	0	FULL	2	542099
315	182	218	2037	250	14	11	FULL	1	173198
296	155	273	12	783	0	0	FULL	1	375097
328	296	129	1637	450	30	32	FULL	1	562602
302	169	322	0	692	29	26	FULL	2	978286
330	198	192	25	1327	0	0	FULL	2	533312
270	207	258	58	568	0	0	ALL_EDGES	3	413020
365	147	234	12	928	0	0	FULL	3	713636
528	361	102	5206	549	0	0	FULL	6	534121
348	255	174	31	803	0	0	FULL	2	948749
297	225	231	31	461	14	15	FULL	2	728049
454	222	173	3657	554	0	0	FULL	3	240292
522	356	84	15	592	14	13	FULL	3	866834
423	244	151	6153	435	0	0	FULL	2	943583
281	162	274	1912	742	11	11	FULL	1	965400
383	324	162	0	472	0	0	FULL	1	229737
407	300	111	2619	511	16	18	FULL	3	596428
506	295	131	19	250	0	0	ALL_EDGES	1	531707
396	271	145	15	700	5	7	ALL_EDGES	1	846667
389	275	135	1058	1070	41	43	FULL	4	992166
426	300	153	39	741	0	0	FULL	2	805012
425	357	96	14	1423	11	6	FULL	2	846170
299	235	221	15	354	22	24	ALL_EDGES	2	190472
294	222	192	2500	818	40	44	FULL	2	556120
282	210	261	0	496	0	0	FULL	2	241775
329	184	223	648	383	0	0	FULL	9	203222
431	227	199	39	516	0	0	FULL	2	707819
341	211	202	4335	360	0	0	ALL_EDGES	4	420493
452	305	105	14	820	0	0	FULL	1	969498
333	199	233	15	598	19	22	FULL	2	11011
507	291	105	1178	711	9	11	FULL	2	855697
351	254	174	0	250	14	14	FULL	3	195832
352	227	181	14	998	0	0	FULL	3	533537
273	199	305	16	716	0	0	FULL	2	629737
285	245	193	13	1213	0	0	FULL	1	332333
309	236	198	0	585	0	0	FULL	5	770578
370	263	201	19	250	6	6	ALL_EDGES	1	649470
354	250	220	0	754	19	22	FULL	3	175542
264	205	231	25	572	0	0	FULL	2	734733
294	251	211	15	554	0	0	FULL	1	789808
348	277	151	7119	1000	0	0	FULL	3	701022
247	174	292	2200	250	14	18	FULL	2	220320
383	209	206	0	250	26	27	FULL	2	240956
476	253	162	19	757	18	20	FULL	2	618258
295	187	226	1762	379	0	0	FULL	2	645060
390	284	139	0	250	0	0	FULL	2	644715
392	278	143	3131	563	0	0	FULL	3	990661
429	251	116	12	1567	0	0	ALL_EDGES	4	49112
267	175	333	2511	779	9	5	FULL	2	971409
312	191	261	0	1449	0	0	FULL	2	818034
541	293	117	1813	297	0	0	FULL	3	859700
394	248	159	0	390	24	28	FULL	1	793700
399	255	162	5527	732	0	0	FULL	2	231045
371	315	150	17	386	0	0	FULL	3	926420
519	342	109	0	362	28	26	FULL	2	893821
385	297	175	40	370	0	0	FULL	2	893634
312	222	238	16	250	18	17	FULL	2	286131
335	294	157	3177	1274	35	37	FULL	2	731950
279	194	324	5390	398	9	8	FULL	3	34277
321	212	227	3596	509	0	0	FULL	2	491632
342	247	237	0	604	0	0	FULL	2	806612
258	238	254	0	250	0	0	FULL	2	495815
344	217	207	0	250	0	0	ALL_EDGES	1	324638
333	184	221	8248	1186	0	0	FULL	2	144830
276	234	255	33	250	0	0	FULL	2	95289
380	266	182	18	430	0	0	FULL	3	446927
422	350	105	15	431	0	0	FULL	2	634878
425	324	112	15	788	0	0	FULL	1	52011
279	221	251	15	250	20	22	FULL	2	247034
414	241	155	2247	680	0	0	FULL	2	804922
407	310	154	19	365	0	0	FULL	1	191870
325	258	172	14	250	0	0	FULL	2	30562
409	296	153	3940	545	26	31	FULL	3	592161
367	265	181	17	766	0	0	FULL	2	818715
390	309	162	0	601	0	0	FULL	1	427842
453	303	146	2300	250	0	0	FULL	1	328365
287	213	254	0	338	0	0	FULL	1	111318
415	212	177	15	1068	0	0	FULL	1	666202
277	174	258	2787	671	12	19	FULL	1	291978
324	232	193	14	298	22	32	FULL	2	607616
389	332	120	3766	782	0	0	FULL	1	158323
391	238	156	14	335	38	39	FULL	4	85031
345	300	169	3570	801	0	0	FULL	2	961732
336	184	219	13	277	0	0	FULL	2	575063
393	267	167	2275	1031	0	0	FULL	2	594867
278	241	202	1444	1391	15	21	FULL	2	374987
362	330	122	14	483	0	0	ALL_EDGES	2	417447
440	221	159	15	250	0	0	FULL	1	288895
334	236	210	0	394	0	0	FULL	3	466120
338	198	187	3000	250	0	0	FULL	2	615583
337	270	192	17	250	22	17	FULL	1	594921
402	355	137	4270	562	0	0	FULL	1	206867
290	246	245	0	250	0	0	FULL	3	103687
313	263	201	3811	1162	0	0	FULL	1	524081
518	302	99	15	250	27	35	FULL	2	91132
269	250	187	0	374	18	20	FULL	6	864302
318	204	238	15	395	25	25	FULL	3	535521
362	245	175	6246	954	0	0	FULL	2	15180
393	226	163	14	250	0	0	FULL	3	175902
333	233	238	1239	754	0	0	ALL_EDGES	2	601677
305	213	192	2075	250	0	0	FULL	8	384845
406	273	180	0	624	21	21	FULL	2	515356
225	166	441	3960	251	0	0	FULL	2	921852
301	251	192	3770	250	26	31	FULL	1	695646
293	209	203	12	514	0	0	FULL	3	48626
274	163	280	0	1106	11	14	FULL	1	949836
314	234	198	14	1026	0	0	FULL	2	770796
471	246	116	2403	902	0	0	FULL	4	188361
380	249	163	0	425	0	0	ALL_EDGES	1	276569
272	183	250	12	518	0	0	FULL	1	475408
422	386	107	17	533	11	15	FULL	2	37646
406	270	132	0	955	27	29	FULL	1	306860
336	221	169	1037	647	13	11	FULL	1	636176
272	181	273	13	859	0	0	FULL	1	930796
320	220	191	823	392	5	5	FULL	1	262726
326	252	190	31	604	0	0	FULL	1	159177
255	166	390	16	456	0	0	ALL_EDGES	1	429146
307	232	203	14	808	28	28	FULL	2	2629
474	368	95	16	625	0	0	ALL_EDGES	1	943150
309	183	274	15	461	0	0	FULL	2	499964
502	365	85	3580	250	22	24	FULL	4	974142
235	157	421	2201	489	24	23	FULL	1	921707
385	286	141	0	472	13	12	FULL	2	698921
317	219	180	12	1172	0	0	FULL	1	582751
493	358	99	0	429	0	0	FULL	5	780277
390	285	148	33	1067	0	0	ALL_EDGES	3	874492
392	313	151	5254	516	0	0	FULL	1	270500
319	211	229	1922	250	0	0	FULL	3	77584
343	295	123	2725	1090	13	21	ALL_EDGES	1	972153
332	218	255	18	459	0	0	FULL	2	927140
368	205	192	14	250	7	12	FULL	2	461934
368	288	146	15	818	26	26	FULL	1	313444
356	200	203	14	250	7	7	FULL	1	285154
323	264	228	7585	250	14	9	FULL	4	595571
323	236	263	0	449	0	0	FULL	6	272917
372	232	214	18	388	0	0	FULL	2	191538
242	200	404	19	398	0	0	FULL	2	759020
403	183	238	2520	773	0	0	FULL	1	823242
358	276	156	0	770	27	27	FULL	4	126825
355	268	163	0	324	0	0	FULL	3	883019
532	396	83	2835	546	26	27	ALL_EDGES	2	136169
355	281	165	0	544	0	0	FULL	1	195376
361	300	116	5625	971	0	0	ALL_EDGES	5	205594
351	277	149	5684	806	0	0	FULL	1	409634
355	279	146	14	470	0	0	FULL	4	720883
448	285	121	1519	1222	18	19	FULL	1	185959
374	190	218	31	514	0	0	FULL	2	674668
356	241	181	1875	721	0	0	FULL	1	489097
272	229	201	0	555	20	21	ALL_EDGES	1	300909
278	217	308	4810	710	28	25	FULL	3	377942
351	200	221	3038	390	0	0	FULL	3	986324
288	204	212	0	714	0	0	FULL	3	769620
283	231	207	13	500	0	0	FULL	1	391423
498	230	136	1519	428	0	0	FULL	1	763539
219	198	289	12	265	0	0	FULL	2	572917
336	214	202	0	570	0	0	FULL	2	488060
280	196	228	0	471	0	0	FULL	1	865421
353	201	232	0	257	28	31	FULL	3	345917
357	243	212	0	456	0	0	FULL	4	503961
417	279	142	33	250	0	0	FULL	3	669134
364	176	289	18	250	30	33	FULL	1	627379
312	214	262	0	250	19	20	FULL	3	618912
322	224	174	12	652	1	0	FULL	2	63766
253	152	351	13	1081	40	39	FULL	9	204827
393	287	128	0	1229	0	0	ALL_EDGES	3	742231
430	304	149	19	523	27	31	FULL	1	809520
