263	193	238	12	1512	8	6	FULL	1	54288
324	209	154	0	521	26	27	ALL_EDGES	2	879864
304	199	174	10	250	0	0	FULL	2	531145
253	148	200	0	336	0	0	ALL_EDGES	4	508774
223	168	120	432	390	13	18	FULL	3	800774
323	206	172	23	958	17	16	FULL	4	185975
321	131	108	351	413	0	0	FULL	2	598153
338	180	140	1496	250	0	0	FULL	2	449054
301	166	90	0	869	0	0	FULL	1	204988
238	202	218	10	527	16	20	FULL	1	48196
258	216	99	1584	561	0	0	ALL_EDGES	1	481292
340	146	232	11	374	27	34	FULL	1	431355
376	232	109	0	250	0	0	FULL	1	768444
305	217	174	0	693	0	0	FULL	2	774246
448	260	73	8	713	0	0	FULL	3	485542
241	212	165	8	932	19	23	FULL	3	713912
258	228	76	9	568	0	0	FULL	3	29063
287	244	150	2646	920	0	0	FULL	3	521430
220	143	271	1122	504	30	28	ALL_EDGES	2	295353
386	240	92	0	456	0	0	FULL	2	176756
482	281	89	3372	250	12	13	ALL_EDGES	6	994759
336	215	159	1495	1791	0	0	FULL	2	450246
231	187	221	2194	466	23	28	FULL	1	547040
449	262	89	3328	382	36	35	FULL	1	312981
263	171	123	0	655	0	0	FULL	3	404564
265	148	191	7	423	31	31	ALL_EDGES	5	225428
209	194	185	7	653	0	0	FULL	1	327138
307	228	121	0	250	18	21	FULL	1	840974
295	215	118	2572	250	0	0	FULL	4	808905
282	161	210	494	250	0	0	FULL	2	757163
331	154	227	11	907	0	0	FULL	2	503663
318	169	195	10	448	23	26	FULL	1	893458
213	178	197	7	445	11	6	FULL	2	278602
275	149	110	4	406	0	0	FULL	2	923105
281	182	167	8	683	17	20	FULL	1	913218
313	216	170	11	250	0	0	FULL	2	969199
357	235	66	5	282	14	16	FULL	4	919237
198	169	316	1659	858	21	28	FULL	2	212720
281	171	220	1207	915	0	0	FULL	1	505331
283	164	119	0	465	0	0	ALL_EDGES	4	224363
336	192	185	0	250	15	19	FULL	1	439004
269	196	218	11	331	0	0	FULL	4	81559
246	195	177	867	250	14	23	FULL	1	918290
330	197	115	367	262	13	10	FULL	1	463061
297	267	151	0	572	0	0	FULL	1	747356
268	170	142	6	365	0	0	FULL	2	413870
228	169	299	0	250	25	22	FULL	2	580362
240	134	140	4	652	15	14	FULL	4	689488
343	335	100	3162	669	0	0	FULL	2	738980
377	229	75	6	250	15	12	FULL	1	344180
362	211	137	1596	250	0	0	FULL	2	809624
189	134	178	0	250	14	16	FULL	2	465203
261	149	296	11	824	11	13	FULL	1	526042
219	143	143	0	438	0	0	ALL_EDGES	1	491355
325	323	90	1881	250	0	0	ALL_EDGES	1	832612
291	268	147	1966	250	46	44	FULL	2	612577
158	140	202	751	250	0	0	ALL_EDGES	4	76845
254	200	168	1096	501	33	41	FULL	1	544675
219	154	162	2161	637	0	0	FULL	2	27161
232	201	97	9	733	0	0	FULL	2	53783
195	123	187	0	639	0	0	FULL	2	881652
274	167	251	11	1858	0	0	FULL	2	98429
282	207	180	10	772	16	20	FULL	1	235926
193	129	261	2002	893	14	12	FULL	3	21953
282	201	186	2929	603	10	13	FULL	3	568028
334	259	98	17	558	20	15	FULL	4	746883
279	216	174	1795	582	14	15	FULL	8	697683
315	158	171	8	313	0	0	FULL	2	314057
338	264	51	4	1566	0	0	FULL	1	365587
167	140	148	364	250	15	19	FULL	1	587605
296	165	91	4	634	0	0	FULL	1	175582
275	164	167	0	357	17	22	FULL	1	576857
257	167	127	242	577	8	10	ALL_EDGES	3	315076
247	125	308	9	283	17	20	ALL_EDGES	2	752757
184	131	188	4	513	0	0	FULL	2	492737
254	178	188	1436	250	0	0	FULL	1	492702
231	148	337	1230	261	20	20	FULL	1	519789
215	130	160	0	315	16	14	FULL	1	959787
316	242	124	0	556	20	19	FULL	2	571312
403	189	151	11	365	20	19	ALL_EDGES	1	457214
307	162	91	936	1163	0	0	FULL	3	54002
307	203	152	0	453	0	0	FULL	1	823499
246	133	230	1020	420	0	0	ALL_EDGES	1	164313
247	190	139	6	250	33	39	ALL_EDGES	3	378680
349	221	149	0	308	0	0	FULL	1	122156
283	224	135	0	433	18	17	FULL	1	723003
392	239	101	2384	270	0	0	FULL	1	514300
238	179	106	0	410	0	0	FULL	2	893358
242	186	189	0	409	37	41	FULL	1	296638
288	174	170	1385	250	0	0	FULL	3	809921
329	247	80	3061	1285	0	0	FULL	1	996761
301	203	171	10	360	0	0	ALL_EDGES	2	117278
358	257	125	11	283	0	0	FULL	1	53532
353	248	97	8	456	0	0	FULL	1	922364
271	218	128	15	412	14	19	ALL_EDGES	1	955604
312	190	194	2357	360	0	0	FULL	1	862233
311	206	132	0	1138	0	0	FULL	1	229682
330	222	143	10	1197	30	33	FULL	3	36314
233	171	239	19	333	0	0	FULL	2	814814
265	123	354	782	634	20	23	FULL	1	240302
321	242	148	11	418	0	0	FULL	9	770334
294	255	126	9	949	32	33	FULL	1	670061
444	238	109	11	704	12	15	FULL	2	425041
220	155	160	5	864	0	0	FULL	2	103857
352	324	92	10	2193	0	0	FULL	4	854638
257	171	103	4	250	0	0	FULL	1	369714
210	157	289	9	281	0	0	FULL	1	484893
350	260	94	8	1134	0	0	FULL	1	468695
343	205	171	2568	250	0	0	FULL	2	183797
420	181	125	9	371	16	12	FULL	1	753339
303	217	130	1989	250	0	0	FULL	1	945655
305	189	164	2669	250	17	14	FULL	1	415115
294	187	190	10	423	0	0	ALL_EDGES	7	401958
341	225	157	0	506	0	0	FULL	4	537304
259	204	180	0	250	19	13	FULL	3	13243
356	237	113	9	250	0	0	FULL	1	986276
403	279	93	21	250	0	0	FULL	2	461453
390	244	100	0	260	0	0	FULL	7	522164
337	238	119	9	437	0	0	FULL	1	293255
357	266	121	3611	894	20	18	FULL	2	440806
352	179	183	0	1427	0	0	FULL	2	707886
316	212	157	0	652	12	14	FULL	2	857755
321	215	137	19	250	0	0	FULL	3	47630
230	169	272	1333	818	18	16	FULL	1	868914
263	186	236	11	320	0	0	FULL	2	547148
318	240	72	5	250	0	0	FULL	1	857948
257	197	147	7	374	21	22	FULL	2	29605
242	180	127	5	525	0	0	FULL	1	642984
231	190	172	15	1191	0	0	FULL	5	736971
248	167	255	10	562	8	7	FULL	2	683330
286	270	149	0	250	0	0	FULL	6	596169
187	168	239	7	1408	11	8	FULL	3	249534
295	231	154	2058	486	0	0	FULL	1	310536
264	206	175	1083	631	0	0	FULL	4	680220
404	265	136	14	846	0	0	ALL_EDGES	2	9778
292	209	222	0	503	24	24	FULL	2	846849
374	302	173	7351	1050	0	0	ALL_EDGES	2	674413
373	189	285	1100	1057	29	36	ALL_EDGES	2	794127
342	290	146	14	1412	27	26	FULL	3	2403
427	266	119	27	1307	0	0	FULL	2	983597
417	308	152	19	473	11	17	ALL_EDGES	5	503712
533	288	120	18	1049	18	19	FULL	1	669029
313	236	169	3337	250	0	0	FULL	2	402961
312	220	196	13	425	0	0	ALL_EDGES	2	584660
320	214	183	12	742	0	0	FULL	1	279596
328	256	161	1444	1030	0	0	FULL	2	25913
479	299	136	0	250	0	0	FULL	6	544213
378	196	210	15	250	0	0	FULL	2	89231
334	270	204	18	250	0	0	FULL	8	449697
341	222	165	1475	797	0	0	FULL	2	188825
450	232	130	0	571	0	0	FULL	2	278293
358	290	149	3968	984	19	12	FULL	3	29693
302	192	233	0	823	0	0	FULL	1	612105
267	239	242	4820	400	0	0	FULL	1	592837
276	192	254	13	453	28	28	FULL	7	492267
262	184	258	12	786	30	34	FULL	1	490984
350	223	198	0	486	0	0	FULL	1	739856
284	229	238	31	328	0	0	FULL	3	487691
508	293	91	0	709	28	29	ALL_EDGES	2	178925
292	179	335	17	554	0	0	FULL	2	664215
347	280	170	16	250	0	0	FULL	3	524841
385	284	179	19	1149	0	0	FULL	3	52910
438	232	182	18	980	15	15	FULL	2	116242
414	222	180	0	250	21	17	FULL	1	570087
442	274	153	5365	843	25	26	FULL	6	968764
320	206	265	2520	949	0	0	FULL	4	758612
349	183	257	16	518	0	0	FULL	1	809804
334	247	189	15	892	24	23	FULL	2	969993
398	261	178	18	250	20	19	FULL	1	479754
400	282	138	15	250	6	11	ALL_EDGES	1	330670
305	215	266	35	847	0	0	FULL	3	338281
416	223	167	15	283	16	16	FULL	2	126639
423	309	141	0	250	0	0	ALL_EDGES	1	345558
346	213	210	15	1292	0	0	FULL	1	355205
324	233	192	1725	256	0	0	FULL	3	57525
315	221	289	20	302	0	0	FULL	1	794781
284	191	250	2659	250	0	0	FULL	2	700241
324	256	235	19	836	24	28	FULL	2	89130
313	227	204	14	591	32	31	ALL_EDGES	3	345254
250	172	293	0	759	18	16	FULL	3	950769
353	210	181	0	681	32	34	FULL	2	574751
303	241	213	2821	303	1	3	FULL	2	180284
401	175	192	13	526	14	14	FULL	1	293491
387	224	168	4437	822	0	0	FULL	2	515046
309	188	215	12	451	20	27	FULL	2	135677
432	299	97	1575	450	0	0	FULL	1	999332
361	267	161	0	1033	0	0	FULL	1	415585
448	225	184	18	338	0	0	FULL	2	277075
363	205	208	15	618	0	0	FULL	1	731638
287	233	233	0	875	0	0	ALL_EDGES	3	913623
363	251	170	15	370	0	0	FULL	1	524174
484	343	106	35	250	0	0	FULL	1	447082
420	265	131	14	1140	29	32	FULL	1	898609
318	332	118	12	536	0	0	FULL	1	760814
395	181	245	0	250	0	0	FULL	1	527824
322	184	280	16	250	0	0	FULL	1	16140
414	216	184	1980	250	14	21	FULL	1	919828
418	232	140	13	250	7	7	FULL	1	217548
237	215	286	14	655	0	0	FULL	1	639905
384	254	148	2320	578	0	0	FULL	6	245491
406	312	138	35	535	33	36	FULL	1	233855
366	301	141	0	678	7	10	FULL	1	7418
328	168	226	0	763	0	0	FULL	1	443062
460	338	125	19	637	0	0	FULL	1	429270
413	292	103	12	250	0	0	FULL	3	460697
338	210	218	0	746	0	0	FULL	6	370565
291	175	304	15	595	0	0	FULL	2	136392
328	215	234	16	616	40	47	FULL	1	884307
460	394	96	0	385	37	38	FULL	2	318646
350	262	136	12	1197	19	19	FULL	3	105886
352	262	157	5394	592	34	33	ALL_EDGES	1	598092
305	245	193	1798	564	0	0	FULL	2	283270
311	234	171	0	676	5	8	FULL	1	684396
256	229	230	3604	573	0	0	FULL	6	186873
341	198	245	3250	777	0	0	FULL	4	818899
393	303	147	3622	439	14	20	FULL	1	607338
355	221	198	15	501	0	0	FULL	2	766548
377	178	276	37	250	0	0	FULL	5	283096
301	176	255	13	679	30	33	FULL	5	769228
318	173	335	0	323	33	34	FULL	5	484161
390	241	213	7860	250	39	41	FULL	3	905986
357	247	221	19	304	0	0	FULL	1	104535
347	206	258	0	292	16	16	FULL	1	265465
378	293	140	15	753	0	0	FULL	2	972007
323	231	195	2291	623	0	0	FULL	1	883221
269	166	300	13	250	15	16	FULL	9	187458
291	176	283	6583	886	0	0	FULL	1	121304
477	381	96	2852	514	0	0	FULL	1	831035
491	412	99	20	250	0	0	FULL	5	743414
360	272	199	0	250	0	0	FULL	1	221008
363	250	138	0	1162	17	23	FULL	1	589678
388	261	163	544	472	0	0	FULL	2	470997
336	290	149	14	250	0	0	FULL	1	133521
412	296	128	31	1531	22	24	FULL	2	191568
350	292	171	0	288	16	13	FULL	1	149537
352	292	161	3399	1726	29	30	FULL	2	605887
304	250	165	12	481	0	0	FULL	2	751667
377	280	146	15	1167	0	0	FULL	1	817945
324	276	223	0	316	0	0	FULL	1	378900
443	223	203	20	543	17	22	FULL	7	51028
347	343	131	15	250	7	9	ALL_EDGES	1	711745
378	189	189	5346	637	32	35	FULL	1	507196
426	263	165	0	546	0	0	FULL	1	404556
374	212	246	2866	686	10	10	FULL	5	469478
231	129	523	2604	872	12	19	FULL	2	457077
292	156	340	0	250	0	0	FULL	2	695383
390	249	200	19	712	15	22	FULL	1	529849
307	231	218	0	606	32	31	FULL	2	260016
306	221	199	0	410	0	0	FULL	1	692025
359	211	217	1633	405	0	0	FULL	1	476969
289	198	219	0	563	14	17	FULL	3	404930
339	229	160	12	250	0	0	FULL	1	30511
333	222	195	0	250	10	13	FULL	2	841353
301	227	197	27	524	18	18	FULL	1	634577
411	241	187	3607	250	0	0	FULL	1	257392
351	229	193	15	427	14	15	FULL	2	214274
236	143	550	0	547	0	0	FULL	2	157581
327	218	218	0	566	27	30	FULL	2	562850
406	189	228	17	250	0	0	FULL	2	670184
364	203	209	15	572	12	13	FULL	5	564163
353	223	158	12	504	42	41	FULL	4	73342
289	217	232	0	250	13	19	FULL	2	268828
354	197	179	3650	713	0	0	FULL	2	141636
337	217	226	16	1053	0	0	FULL	1	260645
372	253	197	6253	567	24	22	FULL	5	884553
479	359	102	0	250	0	0	FULL	1	625742
321	197	229	14	1062	0	0	FULL	1	399752
362	260	176	33	688	11	11	FULL	1	454983
311	257	193	15	250	0	0	FULL	1	363757
390	270	186	3783	250	0	0	FULL	1	517579
450	258	151	17	440	10	13	FULL	2	826186
294	209	235	14	250	10	12	FULL	2	391981
400	266	118	3125	937	0	0	FULL	2	741160
311	269	186	31	521	15	11	FULL	2	148218
343	291	185	2701	434	15	14	FULL	1	586778
348	216	220	16	431	0	0	FULL	3	728273
338	245	198	0	312	6	9	FULL	2	515
306	208	305	1716	441	12	14	FULL	1	438889
314	149	333	15	506	0	0	FULL	2	39848
238	169	386	15	556	13	12	FULL	2	889345
385	275	146	15	250	0	0	ALL_EDGES	1	199430
500	374	83	3534	599	28	26	FULL	5	29290
401	289	142	2689	449	6	7	ALL_EDGES	2	952065
390	297	116	4158	525	0	0	FULL	1	709237
414	333	119	16	250	0	0	FULL	2	703377
329	218	202	14	402	0	0	ALL_EDGES	1	405570
429	242	140	3422	450	0	0	FULL	2	723281
263	179	373	17	515	0	0	ALL_EDGES	1	22111
386	320	126	15	1125	16	16	FULL	3	821074
295	267	184	0	250	0	0	FULL	1	954204
297	210	248	15	473	9	6	FULL	3	714056
333	213	191	0	802	0	0	FULL	4	541090
334	264	186	16	726	0	0	FULL	1	887220
402	249	165	1204	502	32	32	ALL_EDGES	3	582825
284	248	205	2885	250	0	0	FULL	4	195858
376	275	179	0	652	0	0	FULL	2	754969
438	231	153	15	466	0	0	FULL	4	125940
381	348	110	14	1250	0	0	FULL	3	816685
480	351	116	0	308	20	24	FULL	6	22739
334	241	193	0	250	0	0	FULL	2	306223
349	210	226	2359	1058	0	0	FULL	3	896413
421	361	102	0	1002	18	24	FULL	3	800731
349	321	120	0	292	10	5	FULL	4	248824
383	244	166	31	744	28	30	FULL	1	79811
349	239	197	33	605	15	9	ALL_EDGES	1	457239
323	237	163	12	759	0	0	FULL	2	206419
329	262	203	2695	278	0	0	FULL	3	249711
496	283	125	3307	566	24	32	FULL	1	671184
349	194	290	1248	878	0	0	FULL	2	782422
340	231	255	0	550	9	9	FULL	1	391037
399	269	163	17	676	34	29	FULL	1	551432
263	179	267	12	926	0	0	FULL	1	844401
348	288	154	15	250	30	36	FULL	3	283225
284	200	236	13	563	0	0	FULL	2	266696
422	257	142	2263	250	0	0	FULL	4	3068
317	259	239	0	389	0	0	FULL	2	785753
281	232	237	3472	1078	5	12	FULL	6	536027
410	246	164	1188	573	0	0	FULL	2	388996
331	232	162	1825	984	32	31	FULL	1	895235
301	218	236	15	1483	26	24	FULL	1	721967
301	194	230	0	438	14	13	FULL	1	903617
443	243	143	15	894	25	29	FULL	1	290784
341	355	152	18	250	0	0	ALL_EDGES	3	656001
396	332	110	4872	250	0	0	FULL	3	579253
456	206	197	5494	250	0	0	FULL	4	917099
345	222	203	15	654	0	0	FULL	2	203645
306	235	215	5316	250	22	24	FULL	1	640216
422	287	152	18	1777	0	0	FULL	2	950082
437	209	159	14	1199	14	12	FULL	2	585050
388	326	147	18	1182	32	32	FULL	4	20657
405	318	128	3415	768	0	0	FULL	2	332256
352	133	331	15	250	18	19	FULL	3	473165
407	274	121	13	460	27	27	FULL	1	657327
418	254	174	6290	1016	0	0	FULL	4	752410
438	309	129	805	464	0	0	FULL	3	217064
500	380	87	0	446	0	0	FULL	1	14742
359	204	170	12	329	0	0	FULL	2	253659
296	230	243	33	565	37	39	FULL	1	6137
428	397	85	0	295	21	28	FULL	1	291374
324	178	321	18	250	0	0	FULL	2	535836
311	246	176	13	502	10	13	FULL	1	184134
412	262	162	17	601	18	13	FULL	1	108064
281	274	201	15	520	20	19	FULL	1	578719
358	285	182	1757	1206	24	19	FULL	1	393750
486	298	93	13	250	19	16	ALL_EDGES	5	607611
470	217	123	12	692	17	13	FULL	1	211148
367	192	192	0	654	0	0	FULL	2	827992
276	212	213	25	250	10	11	FULL	4	495894
344	212	214	15	739	21	23	FULL	1	348624
379	234	152	0	520	0	0	FULL	3	526639
445	237	166	5320	418	0	0	FULL	2	9900
338	202	212	3393	250	0	0	FULL	1	249449
390	277	152	16	1453	27	27	FULL	1	893274
384	139	329	52	668	0	0	FULL	2	789889
310	202	264	16	250	0	0	FULL	2	802215
332	295	158	15	598	0	0	FULL	5	398887
428	386	88	1203	588	50	53	FULL	5	110655
356	228	228	18	250	0	0	FULL	1	827911
379	287	170	18	250	14	14	FULL	3	850879
447	198	164	0	1537	0	0	FULL	2	522066
438	294	113	0	999	8	10	FULL	2	515648
320	238	203	1953	849	13	10	FULL	2	908182
300	232	208	884	437	0	0	FULL	2	405030
298	245	225	16	369	0	0	FULL	1	857933
305	241	211	15	250	12	20	FULL	2	451912
366	273	155	15	648	33	33	FULL	1	370384
302	159	363	17	652	13	15	FULL	3	718508
371	239	186	16	562	0	0	FULL	1	510661
358	276	127	12	552	0	0	ALL_EDGES	1	337372
381	230	200	17	823	17	15	FULL	2	180963
263	203	253	2457	569	25	28	FULL	1	463215
382	228	230	20	583	9	16	FULL	1	184136
285	233	234	31	1097	0	0	FULL	2	921933
309	194	259	15	439	0	0	FULL	1	295232
482	327	92	1725	324	8	10	FULL	3	240143
360	240	191	16	1649	19	16	FULL	1	417886
340	236	206	2310	637	0	0	ALL_EDGES	3	460647
477	358	97	33	1024	20	20	FULL	1	358272
384	261	124	12	348	0	0	FULL	4	101835
338	214	228	0	416	22	24	FULL	1	144859
313	256	156	1500	250	30	34	FULL	1	130099
412	274	120	13	543	0	0	FULL	4	554164
362	226	189	2309	1220	0	0	FULL	2	979095
364	212	163	12	250	0	0	FULL	4	856441
343	299	161	16	1625	21	21	FULL	2	692103
243	188	315	841	600	0	0	FULL	2	278665
281	151	317	27	1014	14	15	ALL_EDGES	1	9668
382	237	171	3332	741	0	0	FULL	1	381248
367	238	213	18	735	0	0	FULL	1	204648
343	270	157	14	347	7	10	ALL_EDGES	1	548430
285	182	298	15	942	0	0	FULL	1	656759
375	246	136	1087	345	0	0	ALL_EDGES	1	293332
314	212	187	12	490	0	0	FULL	2	91314
349	258	218	0	543	0	0	FULL	3	808621
336	188	277	17	250	0	0	FULL	3	666929
296	221	235	15	278	0	0	FULL	1	605018
280	193	324	1645	250	0	0	FULL	4	562468
367	313	152	35	250	0	0	FULL	1	993530
391	229	162	3030	736	34	35	FULL	2	750245
288	250	200	14	818	0	0	FULL	2	906505
368	288	127	0	250	29	33	FULL	2	336432
317	275	212	2257	935	24	27	FULL	6	552313
325	214	180	3012	455	19	19	FULL	4	689607
389	180	193	13	960	25	28	FULL	2	159122
437	313	121	742	525	10	17	FULL	4	550787
377	338	113	0	846	21	23	FULL	3	491389
271	225	222	13	755	0	0	FULL	1	985671
329	158	357	7955	609	13	16	FULL	1	392408
322	259	235	5323	537	0	0	FULL	1	262365
275	226	233	14	649	0	0	FULL	1	976558
338	194	282	18	769	18	21	FULL	1	324630
445	302	138	0	664	0	0	FULL	4	769781
479	238	136	868	250	29	31	FULL	4	546661
459	277	130	2376	365	30	37	FULL	1	607588
479	348	117	19	462	18	26	FULL	2	414644
277	255	206	6075	454	0	0	FULL	2	400420
377	328	142	17	931	0	0	FULL	2	875715
326	209	242	4488	338	0	0	ALL_EDGES	1	205524
320	268	182	651	250	0	0	FULL	2	983463
381	282	172	55	391	18	13	FULL	5	972316
314	206	239	2309	1218	0	0	FULL	5	109519
342	253	156	0	479	0	0	FULL	2	938304
341	215	184	13	365	10	15	FULL	1	994609
371	296	169	0	250	14	17	FULL	5	152271
321	227	213	1565	775	24	24	FULL	1	18865
378	259	199	2847	1012	18	21	FULL	2	879347
303	204	300	18	957	40	45	FULL	1	364308
254	203	281	14	250	0	0	FULL	2	600130
376	288	124	0	407	0	0	FULL	2	879725
435	293	122	31	250	8	11	FULL	1	93632
380	269	132	13	980	0	0	FULL	3	590550
262	226	246	3422	590	27	24	FULL	3	219892
259	198	242	2962	406	0	0	FULL	3	231027
442	382	110	18	301	20	26	FULL	2	938074
411	248	192	39	381	0	0	FULL	3	242810
277	214	226	1323	974	0	0	ALL_EDGES	3	931607
308	203	232	0	575	0	0	FULL	3	610216
286	208	262	15	752	42	42	FULL	2	544030
240	211	246	12	332	5	3	FULL	1	412670
304	240	226	16	1051	0	0	FULL	1	2916
540	303	82	13	384	16	17	FULL	4	268352
304	188	219	4937	1059	34	37	FULL	2	489489
332	254	207	892	702	0	0	FULL	1	867940
471	288	92	12	745	18	21	FULL	3	780847
425	279	156	18	485	0	0	FULL	7	222857
376	241	138	12	371	0	0	FULL	3	493255
415	291	103	0	632	11	14	FULL	1	465576
310	258	156	2437	624	0	0	FULL	3	566217
340	241	153	1262	449	27	28	FULL	1	329324
435	288	148	18	903	0	0	FULL	1	10771
425	337	137	5362	1020	20	17	FULL	2	388295
369	253	134	12	250	0	0	FULL	3	993000
364	226	177	14	841	29	30	FULL	1	373408
330	268	141	0	250	0	0	FULL	2	744405
321	266	181	15	250	43	46	FULL	5	989608
290	236	256	0	514	0	0	FULL	1	302815
510	304	100	15	263	33	33	ALL_EDGES	1	476980
358	189	230	1829	503	0	0	FULL	1	284829
467	240	178	2720	463	17	18	FULL	1	635625
