264	180	95	4	250	23	18	ALL_EDGES	1	895153
233	212	172	510	648	0	0	FULL	1	705
331	182	175	0	312	17	20	FULL	1	66571
302	205	72	0	369	7	9	FULL	3	874908
189	147	307	8	570	19	27	ALL_EDGES	1	400036
263	179	95	4	514	0	0	FULL	1	634016
323	268	87	7	250	26	29	FULL	1	322454
336	243	129	10	555	29	35	FULL	2	161256
295	191	150	527	1607	13	22	FULL	1	439740
351	230	93	0	792	0	0	FULL	2	796821
330	344	92	2268	467	0	0	FULL	1	236170
281	198	153	1122	916	0	0	FULL	6	99991
278	188	164	8	579	9	11	ALL_EDGES	3	419560
220	170	148	5	753	14	18	FULL	1	368879
439	211	103	9	967	0	0	FULL	2	304226
246	203	169	1802	396	0	0	FULL	1	427040
445	283	68	8	559	16	23	FULL	2	781821
270	167	165	0	1073	0	0	FULL	1	319011
246	104	137	3	356	1	2	ALL_EDGES	4	591513
303	212	86	5	531	15	11	FULL	1	202324
277	217	75	864	1028	21	20	FULL	2	213479
301	148	214	2413	739	13	19	ALL_EDGES	2	335923
326	263	99	875	685	0	0	ALL_EDGES	3	968897
214	129	271	0	527	0	0	FULL	3	151383
453	264	96	2622	734	0	0	FULL	2	522506
316	213	178	12	1247	6	9	FULL	7	525489
278	182	226	11	632	0	0	FULL	1	790730
384	283	110	12	250	0	0	FULL	2	967865
206	171	185	2574	666	0	0	FULL	3	823278
221	150	136	1017	463	0	0	FULL	3	95956
371	225	138	2806	280	0	0	FULL	1	414521
246	187	163	1072	415	15	17	ALL_EDGES	2	995103
380	229	120	3118	1128	0	0	FULL	4	711807
239	197	159	15	776	0	0	FULL	2	856598
410	202	144	0	250	27	31	FULL	1	315176
278	191	198	10	805	0	0	FULL	2	171225
264	131	248	0	696	30	31	FULL	1	409012
268	184	192	9	250	0	0	FULL	1	991417
338	259	120	3160	250	0	0	ALL_EDGES	6	388236
450	255	74	8	349	35	36	FULL	1	689896
255	220	187	2383	250	9	13	FULL	1	587918
294	203	192	0	456	16	14	FULL	1	1105
280	199	189	0	875	0	0	FULL	2	497059
304	147	269	912	586	0	0	FULL	1	829801
294	159	96	4	604	0	0	FULL	2	24400
229	117	242	2145	749	19	18	FULL	1	909771
318	247	153	0	402	0	0	FULL	2	810028
293	229	127	0	602	0	0	FULL	1	416932
379	152	148	8	456	10	12	ALL_EDGES	1	94744
252	154	194	15	344	0	0	FULL	1	631182
288	262	140	0	250	19	22	FULL	2	174989
243	151	203	2235	1240	0	0	FULL	1	133732
373	205	137	10	1002	20	22	FULL	1	35764
283	138	165	1183	515	0	0	ALL_EDGES	1	223717
289	213	154	2242	349	0	0	FULL	3	457295
375	232	52	0	250	0	0	FULL	1	828495
202	155	143	4	503	10	12	ALL_EDGES	1	13904
371	240	84	1537	411	7	11	FULL	1	459967
230	173	138	11	351	0	0	FULL	1	529405
180	155	198	0	250	16	20	FULL	3	511065
267	215	183	1911	896	0	0	FULL	2	905260
400	203	142	0	250	0	0	FULL	1	654666
358	224	143	11	1120	18	15	ALL_EDGES	6	745941
294	260	138	4095	988	11	12	FULL	2	917090
329	218	118	0	387	7	9	FULL	3	374744
264	186	214	0	250	12	15	FULL	2	56415
378	199	152	11	622	37	40	FULL	3	236425
237	218	87	441	402	12	11	ALL_EDGES	1	950396
303	195	127	1755	250	0	0	FULL	7	795709
273	159	242	0	1479	15	15	FULL	1	855617
267	249	142	9	250	0	0	FULL	3	544490
263	155	257	0	250	24	20	FULL	3	525491
297	172	225	3611	543	24	27	FULL	2	979589
250	174	194	8	269	0	0	FULL	2	612539
157	93	306	0	250	24	25	FULL	1	594219
257	171	261	11	309	0	0	FULL	4	579302
235	161	252	589	768	0	0	FULL	1	377179
324	231	154	11	454	0	0	FULL	1	533080
243	145	157	308	250	0	0	ALL_EDGES	3	115462
310	138	174	1402	437	0	0	FULL	2	776158
362	295	113	12	250	0	0	FULL	2	194738
303	204	187	23	795	44	39	FULL	2	898410
254	211	139	7	250	0	0	FULL	1	944636
277	168	118	5	1371	19	26	FULL	1	728743
239	167	261	10	473	22	22	FULL	2	741554
376	324	95	11	1062	0	0	FULL	2	240537
302	205	185	11	739	0	0	FULL	3	345516
269	214	164	9	708	0	0	FULL	3	781759
356	229	147	12	897	0	0	FULL	2	246950
235	130	147	4	250	0	0	FULL	1	297296
327	257	137	2990	555	0	0	FULL	1	972034
415	245	74	645	524	0	0	FULL	2	400440
256	194	152	7	494	23	23	FULL	1	300167
262	252	182	0	849	0	0	FULL	3	841549
332	172	211	12	1052	0	0	FULL	2	807010
341	240	104	0	338	0	0	FULL	5	834834
319	213	168	11	1020	0	0	FULL	1	418105
379	276	72	7	1486	65	63	FULL	1	947640
293	196	96	1199	780	0	0	FULL	3	605256
171	122	266	5	318	0	0	FULL	1	859253
222	137	246	1350	412	12	9	ALL_EDGES	1	236537
284	197	214	4032	602	14	15	FULL	3	463750
350	196	139	0	446	0	0	ALL_EDGES	1	297539
299	174	164	17	433	0	0	FULL	3	571739
258	174	212	9	250	0	0	FULL	2	376111
281	204	183	3979	684	0	0	FULL	1	342359
294	212	168	10	842	0	0	FULL	1	76879
375	274	83	0	406	6	5	FULL	5	687640
253	212	83	4	250	0	0	FULL	1	806263
281	300	125	21	640	0	0	FULL	2	935280
295	189	135	1297	676	38	36	FULL	1	324658
299	228	110	7	734	0	0	FULL	1	685800
249	179	101	1399	250	0	0	FULL	1	279313
370	253	113	2352	711	0	0	FULL	1	173499
341	236	93	1537	614	0	0	FULL	1	649110
352	289	118	792	554	0	0	FULL	1	600303
181	150	277	7	389	0	0	FULL	1	91618
237	152	179	6	1075	0	0	FULL	1	704919
243	187	165	1117	536	0	0	FULL	5	341545
233	171	113	0	437	0	0	FULL	1	226056
339	198	127	833	258	20	22	FULL	2	850405
452	366	70	11	250	0	0	FULL	1	644737
202	139	161	1228	677	0	0	FULL	2	490973
261	236	187	161	1502	0	0	ALL_EDGES	1	168628
412	248	103	10	487	25	23	FULL	3	649729
294	270	56	4	250	0	0	FULL	2	250188
233	155	207	7	294	17	16	FULL	1	627703
268	216	180	0	497	24	26	FULL	3	753652
294	195	130	7	288	21	23	FULL	1	501600
352	271	99	9	437	7	7	FULL	2	719675
349	225	95	2152	525	32	36	FULL	1	731472
278	159	237	10	770	9	12	FULL	2	319957
389	242	101	9	250	25	24	FULL	2	72146
295	202	143	1487	451	0	0	FULL	1	863105
359	180	178	2507	986	32	33	FULL	1	326858
317	215	154	892	525	0	0	FULL	1	202893
386	236	127	23	406	0	0	FULL	3	7793
230	185	106	0	1285	0	0	FULL	2	469636
311	234	131	0	1670	0	0	FULL	2	707907
256	186	179	8	419	15	16	FULL	4	658628
352	200	163	11	410	0	0	FULL	2	420798
270	194	162	0	250	14	8	FULL	1	445682
221	136	216	6	464	0	0	FULL	2	300559
207	131	130	430	572	0	0	FULL	1	836417
242	174	107	1669	250	18	18	FULL	1	926818
278	194	213	11	564	10	8	ALL_EDGES	1	337314
268	178	136	325	250	3	1	FULL	4	49936
261	180	225	850	428	0	0	FULL	1	262728
278	237	160	819	731	0	0	ALL_EDGES	1	727541
217	149	169	5	549	24	26	ALL_EDGES	8	58885
316	228	159	11	496	0	0	FULL	5	568409
398	217	86	2535	569	28	31	FULL	1	285224
303	241	130	9	368	19	20	FULL	3	598540
294	196	165	0	548	0	0	FULL	3	97994
275	250	138	2185	324	17	20	FULL	1	427668
270	213	200	3024	541	0	0	FULL	1	790363
265	187	171	8	250	0	0	FULL	3	114602
375	271	104	21	517	0	0	FULL	2	928679
285	146	203	620	704	0	0	FULL	1	661312
222	164	179	851	260	0	0	FULL	1	851520
347	246	123	21	455	0	0	FULL	7	179718
296	169	170	8	250	12	20	FULL	1	244785
256	208	160	8	250	0	0	FULL	2	983769
398	202	56	4	462	0	0	FULL	4	372180
327	224	171	0	333	12	17	FULL	2	359064
466	312	113	16	573	6	3	ALL_EDGES	4	449772
276	271	181	13	250	16	16	ALL_EDGES	2	736952
289	235	184	0	768	0	0	FULL	1	862569
344	195	232	3038	1424	31	29	ALL_EDGES	3	891871
306	267	226	2405	329	0	0	FULL	3	440162
443	297	118	15	996	22	25	ALL_EDGES	1	238268
346	190	205	13	408	16	18	FULL	1	700055
306	235	229	3118	250	28	29	FULL	1	871023
448	300	130	17	250	0	0	FULL	2	290012
280	255	189	13	1109	13	14	ALL_EDGES	2	158588
330	206	242	6616	562	18	15	FULL	2	839892
426	327	90	0	401	16	17	ALL_EDGES	3	585109
378	261	157	0	585	34	31	FULL	1	801885
400	277	168	37	250	0	0	FULL	1	290107
275	247	272	18	419	26	26	FULL	4	925310
362	248	183	16	850	0	0	CORNERS	1	757495
296	248	170	0	574	0	0	FULL	1	64134
307	271	199	16	250	0	0	FULL	3	408041
384	299	153	0	717	18	19	FULL	4	686966
298	214	290	18	670	23	25	FULL	2	38923
304	241	170	1700	250	3	6	FULL	2	918083
367	246	172	15	601	13	15	FULL	1	92022
393	283	175	19	493	13	15	FULL	1	73545
434	265	143	33	636	10	10	FULL	1	208060
518	264	106	14	493	0	0	FULL	2	41394
318	248	197	0	547	8	8	FULL	1	893337
266	209	244	4212	1277	0	0	FULL	2	604604
458	306	111	15	443	15	17	FULL	5	209930
435	309	101	945	914	0	0	FULL	2	892953
336	229	239	2497	250	0	0	FULL	2	582131
345	228	197	1147	812	20	20	FULL	4	655520
320	264	195	16	1103	0	0	FULL	1	808741
349	256	207	18	467	21	25	ALL_EDGES	6	366424
331	197	285	37	731	0	0	FULL	2	115968
295	235	289	4840	402	0	0	FULL	1	856956
469	207	170	16	573	0	0	FULL	1	766726
292	183	310	16	293	25	32	ALL_EDGES	2	825385
461	247	145	0	531	31	37	FULL	2	91936
282	162	273	25	711	0	0	FULL	2	399298
411	333	142	0	250	16	16	ALL_EDGES	1	932585
268	191	283	1406	1074	25	29	FULL	4	623759
322	237	257	19	434	0	0	FULL	2	422514
349	234	191	3115	518	0	0	FULL	1	361932
357	196	277	19	534	0	0	FULL	3	483447
450	282	154	1735	250	30	31	FULL	1	215161
271	224	255	15	385	25	31	FULL	1	174569
440	227	196	4212	269	30	35	FULL	2	159773
260	213	243	0	431	10	11	FULL	2	810612
325	209	286	19	250	16	21	CORNERS	1	497608
471	377	87	1240	803	0	0	FULL	5	346962
307	257	248	39	492	29	29	FULL	2	997072
329	168	225	4975	524	0	0	FULL	2	853497
448	261	107	12	250	23	24	FULL	2	636731
370	239	152	0	475	20	18	FULL	2	431214
540	285	107	1006	1051	0	0	ALL_EDGES	6	601067
329	209	212	3393	422	34	42	FULL	1	75108
396	369	134	5479	411	0	0	FULL	2	706987
366	333	127	0	454	7	7	FULL	4	577875
381	241	169	31	339	0	0	FULL	1	591670
310	301	155	14	368	16	20	FULL	2	868854
338	283	152	1798	849	19	23	ALL_EDGES	1	226836
381	228	155	3618	250	0	0	FULL	3	648897
334	274	147	3442	640	29	32	ALL_EDGES	1	473164
263	180	266	12	1238	0	0	ALL_EDGES	1	121817
339	225	203	1875	850	17	15	ALL_EDGES	2	199316
505	251	146	2109	879	36	38	FULL	2	60847
306	213	238	15	702	0	0	FULL	4	283301
314	260	203	33	325	7	5	FULL	1	458464
366	199	268	39	486	0	0	ALL_EDGES	2	754926
308	279	157	1552	816	4	5	FULL	2	699628
313	201	310	0	460	14	13	FULL	3	183140
389	186	214	15	1073	11	12	ALL_EDGES	3	869509
278	259	244	17	548	0	0	FULL	3	46115
327	243	158	12	411	0	0	FULL	3	217972
217	203	354	15	250	0	0	FULL	7	579113
385	266	196	20	430	0	0	FULL	1	926629
393	281	176	0	376	20	20	FULL	1	885222
311	173	251	1620	637	25	24	ALL_EDGES	3	126004
314	233	213	1689	380	18	19	FULL	2	637033
348	218	205	15	502	0	0	FULL	1	243164
366	229	197	0	1030	0	0	ALL_EDGES	3	796754
390	267	159	33	250	0	0	FULL	1	794049
402	262	185	19	449	0	0	FULL	2	669013
309	245	206	2123	607	35	34	FULL	2	18321
443	324	115	16	445	0	0	FULL	3	827597
309	217	232	0	461	10	16	FULL	2	556876
303	206	232	1348	603	0	0	FULL	5	548188
373	300	148	2854	502	26	29	FULL	2	254092
399	242	130	2262	718	22	22	FULL	2	793175
286	156	279	2950	613	20	19	FULL	1	253794
316	260	189	3735	884	19	14	FULL	1	711074
557	345	104	40	526	0	0	FULL	3	799923
374	306	135	15	883	8	4	FULL	3	369340
394	254	185	37	250	0	0	FULL	1	628608
414	299	133	33	422	0	0	ALL_EDGES	1	347353
430	271	133	15	747	0	0	FULL	3	884399
370	222	189	31	663	0	0	FULL	1	612351
390	278	161	17	836	0	0	FULL	1	709480
367	198	173	12	375	4	2	FULL	1	989618
294	218	259	16	592	19	16	FULL	4	828453
387	254	168	16	498	18	18	FULL	2	867511
302	210	229	1696	271	29	34	FULL	3	415964
349	189	249	0	420	0	0	FULL	1	827866
430	244	120	3362	250	0	0	FULL	2	538614
400	254	143	29	250	21	14	FULL	2	312645
351	232	190	1798	495	4	6	FULL	1	220121
340	248	232	39	341	22	29	FULL	3	146630
339	250	147	2750	250	24	16	FULL	1	32333
517	250	151	19	360	20	22	FULL	1	147940
335	229	189	14	337	0	0	FULL	1	128975
325	276	217	19	260	0	0	FULL	1	352061
314	237	181	0	414	22	25	FULL	1	946567
302	209	229	2334	1344	0	0	FULL	1	187639
271	180	337	0	554	0	0	FULL	1	703389
300	304	137	12	733	6	6	FULL	2	198823
326	243	158	12	1458	16	14	FULL	1	632917
311	189	212	12	399	6	8	FULL	2	921255
277	195	305	0	731	18	14	FULL	7	837687
390	266	121	1300	250	0	0	FULL	1	174036
384	294	120	27	951	0	0	FULL	1	882077
395	172	214	14	999	12	10	ALL_EDGES	2	151785
292	174	265	13	426	24	25	FULL	1	86963
305	233	232	16	364	0	0	FULL	4	498945
295	251	208	31	1308	10	16	FULL	3	267492
306	210	196	12	250	24	22	ALL_EDGES	2	700157
338	274	216	0	250	26	24	ALL_EDGES	2	302451
550	380	69	2639	965	0	0	FULL	1	433175
414	273	146	33	447	0	0	FULL	2	409185
412	296	127	15	461	0	0	FULL	3	38632
285	206	248	3958	250	0	0	SHORT_EDGES	1	548619
281	188	238	1087	706	0	0	FULL	1	267668
287	263	231	3832	544	0	0	FULL	3	227428
350	236	236	4173	389	0	0	ALL_EDGES	3	717485
442	285	155	3432	560	0	0	FULL	3	617619
403	282	176	20	469	0	0	FULL	3	646617
398	209	150	12	755	16	21	FULL	1	213959
267	224	209	12	456	0	0	FULL	3	686209
453	362	119	3393	736	10	15	FULL	1	636928
271	158	292	12	267	0	0	FULL	1	420973
365	217	158	2850	339	0	0	ALL_EDGES	8	966428
337	252	195	0	422	20	22	FULL	4	129324
272	164	302	13	454	16	19	FULL	1	548216
314	257	192	0	541	0	0	ALL_EDGES	1	747243
427	352	103	15	847	24	21	FULL	1	521384
305	199	239	0	405	0	0	FULL	5	71899
385	262	134	13	1224	0	0	FULL	2	962954
485	261	146	37	386	17	19	FULL	2	548615
425	242	122	387	1222	34	34	FULL	1	881491
295	232	196	2862	250	0	0	ALL_EDGES	1	536633
339	228	187	14	250	0	0	FULL	1	311081
421	251	127	13	472	0	0	FULL	1	640313
378	254	141	2362	734	20	15	FULL	1	874849
400	277	113	0	250	24	23	FULL	2	135067
472	338	122	0	590	26	26	FULL	2	375756
351	212	208	15	374	20	26	FULL	2	918040
365	267	159	0	250	0	0	FULL	1	456297
351	214	167	12	430	17	15	FULL	2	43163
380	309	123	14	574	25	30	FULL	3	393972
273	244	203	0	635	0	0	FULL	1	345827
291	228	219	0	408	0	0	FULL	2	203241
316	265	232	4485	360	14	16	FULL	4	93344
367	268	147	0	558	26	25	FULL	5	158406
309	210	192	12	931	11	11	FULL	4	716554
339	225	242	18	338	0	0	ALL_EDGES	1	246785
250	142	548	19	1002	10	8	FULL	1	569341
266	209	244	2160	523	22	19	FULL	2	535115
263	221	334	19	1263	15	14	FULL	1	182156
286	199	308	2135	462	0	0	FULL	2	936980
307	192	212	150	388	0	0	FULL	1	200100
463	284	125	16	418	29	36	FULL	2	605207
277	171	325	31	492	0	0	FULL	1	792947
278	209	217	12	843	0	0	FULL	6	513967
264	251	279	18	550	0	0	FULL	1	312747
317	241	163	0	250	19	14	FULL	1	483455
234	156	424	1829	641	0	0	FULL	3	569896
233	206	260	2037	250	0	0	FULL	1	362706
358	226	179	0	250	13	16	FULL	1	298442
387	390	129	0	532	26	26	FULL	1	309846
367	254	199	18	581	0	0	FULL	1	170898
308	256	197	0	416	9	13	FULL	3	172630
325	231	166	12	460	38	46	FULL	1	891790
369	285	166	17	264	0	0	FULL	2	85428
371	277	170	7612	1407	0	0	FULL	2	295751
346	252	154	0	841	21	26	FULL	2	539072
310	210	238	15	1132	0	0	FULL	1	875286
556	348	70	13	317	0	0	FULL	2	139003
356	280	145	14	250	17	11	FULL	1	889826
254	252	196	1362	399	9	16	FULL	2	700074
316	175	225	2250	250	0	0	ALL_EDGES	2	639694
291	219	227	29	626	15	12	ALL_EDGES	1	796126
365	259	185	0	573	9	10	ALL_EDGES	1	171254
391	206	205	16	657	29	27	FULL	1	443077
323	187	274	1303	304	20	21	FULL	5	703868
339	281	194	2904	995	34	41	ALL_EDGES	1	185455
375	247	200	18	334	0	0	FULL	1	393612
347	219	190	2001	250	35	35	FULL	1	380656
347	279	150	14	250	17	17	FULL	2	212404
236	157	338	12	538	0	0	FULL	3	395268
346	247	216	74	449	0	0	FULL	7	141812
330	261	232	1320	250	10	10	FULL	2	348041
337	208	265	18	815	0	0	FULL	3	736024
390	335	149	19	250	8	1	ALL_EDGES	5	429932
318	234	249	1720	250	0	0	FULL	1	845656
251	146	421	1503	466	0	0	FULL	2	440723
447	301	93	25	1274	0	0	FULL	1	39658
393	285	139	15	578	0	0	FULL	2	79413
426	303	128	16	1027	0	0	FULL	2	194993
348	242	160	13	271	9	9	ALL_EDGES	2	925129
409	215	154	2079	250	0	0	FULL	1	310929
396	266	166	2205	497	18	19	FULL	1	21134
331	231	229	0	1224	26	25	FULL	2	842550
319	246	159	0	1038	7	6	FULL	2	302748
434	362	111	0	250	20	21	FULL	4	451270
376	254	163	0	446	0	0	FULL	1	564481
350	249	200	17	348	0	0	FULL	1	671173
339	245	222	1128	250	0	0	FULL	2	817380
387	296	135	15	250	0	0	ALL_EDGES	1	468215
292	233	199	13	250	11	8	FULL	4	908390
348	270	133	0	672	0	0	FULL	1	247104
288	241	252	2887	250	0	0	FULL	5	850990
416	248	121	12	692	0	0	FULL	1	407222
339	202	196	13	411	0	0	FULL	2	621606
392	320	123	1968	873	17	21	FULL	1	552851
332	223	196	29	757	5	6	FULL	4	334546
357	245	143	0	294	0	0	FULL	3	254201
324	252	239	19	523	24	16	ALL_EDGES	2	500572
339	236	243	39	759	0	0	FULL	1	56039
405	269	142	1596	250	22	22	FULL	11	761308
384	328	155	39	1266	16	19	FULL	1	440219
402	265	117	12	508	0	0	FULL	1	773886
376	242	137	12	250	0	0	FULL	1	621885
381	320	135	33	333	0	0	FULL	2	519157
347	262	171	0	250	15	22	FULL	4	366169
280	192	251	2754	761	0	0	FULL	6	607673
317	190	275	0	552	0	0	FULL	1	832862
439	338	105	3813	250	0	0	ALL_EDGES	3	835116
349	305	146	15	673	0	0	ALL_EDGES	1	836351
511	203	140	0	498	16	14	ALL_EDGES	2	64561
361	346	140	17	250	10	13	ALL_EDGES	3	777773
417	256	173	3348	250	0	0	ALL_EDGES	3	817513
331	271	183	9768	1220	0	0	FULL	5	458564
254	206	296	31	465	20	23	FULL	1	441065
369	275	134	1363	706	11	19	FULL	3	723004
331	238	172	13	250	0	0	FULL	3	986250
359	230	225	1794	457	0	0	FULL	1	144377
347	270	143	2484	371	19	15	FULL	5	821922
444	273	103	12	427	0	0	FULL	1	867971
365	245	218	3588	438	16	15	FULL	1	88629
406	255	140	0	902	0	0	FULL	3	299969
369	270	135	1458	332	0	0	ALL_EDGES	3	394628
369	277	181	0	392	0	0	FULL	1	23440
334	296	158	15	611	10	10	FULL	2	699230
321	219	192	0	802	0	0	FULL	1	678843
266	161	364	0	627	3	5	FULL	2	972537
391	249	149	14	514	0	0	FULL	1	90854
274	176	299	1479	250	0	0	FULL	5	354703
346	185	242	31	250	25	29	ALL_EDGES	2	59531
423	238	134	2686	1442	0	0	FULL	1	818564
424	323	99	13	532	0	0	FULL	2	128000
293	164	383	6234	359	12	14	FULL	2	76698
374	227	159	1498	250	0	0	FULL	2	553813
332	291	150	3857	648	15	12	FULL	2	654691
398	255	163	16	547	0	0	FULL	2	956365
464	356	112	18	370	10	6	FULL	1	849178
337	278	187	2240	399	0	0	FULL	6	692550
446	315	139	19	605	13	13	FULL	4	931271
284	226	289	0	532	0	0	FULL	4	453568
369	162	311	3589	566	17	19	FULL	2	152071
362	266	202	19	317	22	23	FULL	2	474456
450	227	171	17	947	0	0	FULL	1	865943
378	191	215	0	381	28	33	FULL	1	792295
324	283	212	3217	1018	27	29	FULL	1	929659
277	205	220	12	331	0	0	FULL	4	525004
366	295	144	806	812	36	32	FULL	1	677748
336	166	331	18	627	0	0	FULL	1	148082
382	255	199	19	862	39	40	FULL	1	718484
498	400	88	5547	373	0	0	FULL	6	149515
392	244	183	17	1144	0	0	FULL	1	326463
407	289	106	1512	405	0	0	FULL	2	979890
376	273	181	0	250	0	0	FULL	2	386134
368	336	150	18	329	0	0	ALL_EDGES	1	337126
374	247	169	15	376	0	0	FULL	2	702335
329	225	183	13	487	18	20	FULL	2	451514
327	238	172	0	510	0	0	CORNERS	4	455447
432	198	146	6275	952	18	21	FULL	2	265215
467	326	102	15	876	0	0	FULL	2	800539
353	290	161	33	833	0	0	FULL	1	835192
374	282	119	2275	816	0	0	FULL	3	217378
371	255	153	1580	805	0	0	FULL	1	855720
434	293	130	16	1670	0	0	FULL	2	663640
361	210	258	19	540	0	0	ALL_EDGES	5	986736
360	217	198	15	421	0	0	FULL	2	598880
434	226	138	2524	733	0	0	FULL	3	676411
456	325	132	19	262	12	12	FULL	2	105936
387	240	167	15	664	24	28	FULL	2	93278
384	248	163	15	447	11	12	FULL	1	634556
420	322	145	19	429	0	0	FULL	1	558960
256	219	223	25	357	0	0	FULL	1	689804
290	211	269	0	427	0	0	FULL	3	122220
374	264	187	0	635	0	0	CORNERS	1	933209
364	228	186	0	628	15	14	FULL	2	823550
462	385	183	0	250	17	22	FULL	2	574275
245	164	508	41	922	19	18	FULL	1	269341
451	313	152	64	430	15	17	FULL	4	654673
409	360	160	3995	657	0	0	FULL	5	32903
510	284	175	7293	628	21	23	FULL	1	11744
385	230	254	6795	1478	0	0	FULL	1	534429
432	314	151	0	250	8	6	FULL	1	846794
405	210	322	2447	726	17	17	FULL	2	376288
465	367	172	4808	584	0	0	FULL	2	229645
334	211	333	0	421	0	0	FULL	1	566793
